<Hierarchy>:
	<Frame>: 0 0 P01_Player_Single_IShoot
	<ParentIndex>:-1
		<Transform>: -3.34 -2.5 -10.25443 0 0 0 1 1 1 0 0 0 1  
		<TransformMatrix>: 1 0 0 0 0 1 0 0 0 0 1 0 -3.34 -2.5 -10.25443 1  
		<Children>: 2
			<Frame>: 1 0 Bip001
			<ParentIndex>:0
				<Transform>: 0 4.397585 -3.415626E-09 270 89.99992 0 0.9999999 0.9999999 0.9999999 -0.5000004 0.4999997 0.4999997 0.5000004  
				<TransformMatrix>: 1.311302E-06 0 -0.9999999 0 -0.9999999 0 -1.370907E-06 0 0 0.9999999 0 0 0 4.397585 -3.415626E-09 1  
				<Children>: 2
					<Frame>: 2 0 Bip001_Footsteps
					<ParentIndex>:1
						<Transform>: 0 0 -4.410129 0 0 270.0001 1 1 1 0 0 -0.7071063 0.7071072  
						<TransformMatrix>: 1.370907E-06 -0.9999999 0 0 0.9999999 1.370907E-06 0 0 0 0 1 0 0 0 -4.410129 1  
						<Children>: 0
					</Frame>
					<Frame>: 3 0 Bip001_Pelvis
					<ParentIndex>:1
						<Transform>: 0 0 0 273.8612 269.9999 180 1 0.9999999 0.9999999 0.516561 -0.4828714 -0.5165602 -0.4828722  
						<TransformMatrix>: 1.549721E-06 0 -1 0 -0.9977301 -0.06733941 -1.609325E-06 0 -0.06733941 0.9977301 -1.192093E-07 0 0 0 0 1  
						<Children>: 1
							<Frame>: 4 0 Bip001_Spine
							<ParentIndex>:2
								<Transform>: -0.4978425 -0.0005596203 -5.331318E-05 5.517701 0.001407281 359.9542 1 1 1 0.04813242 3.151233E-05 -0.0003999771 0.9988409  
								<TransformMatrix>: 0.9999997 -0.0007959934 -0.0001014553 0 0.0008020605 0.9953662 0.09615323 0 2.444788E-05 -0.09615327 0.9953665 0 -0.4978425 -0.0005596203 -5.331318E-05 1  
								<Children>: 3
									<Frame>: 5 0 Bip001_L_Thigh
									<ParentIndex>:3
										<Transform>: 0.497775 0.06499025 0.6628181 0.6527647 177.2295 340.6949 1 1 1 -0.1674851 0.9855617 -0.009667553 0.02287754  
										<TransformMatrix>: -0.9428507 -0.3305761 -0.04185612 0 -0.3296915 0.9437107 -0.02671924 0 0.04833281 -0.01139265 -0.9987664 0 0.497775 0.06499025 0.6628181 1  
										<Children>: 1
											<Frame>: 6 0 Bip001_L_Calf
											<ParentIndex>:4
												<Transform>: -1.71332 0 0 1.206487E-07 -1.93413E-07 11.39937 1 1 1 8.800258E-10 -1.784066E-09 0.09931427 0.9950562  
												<TransformMatrix>: 0.9802735 0.1976466 3.72529E-09 0 -0.1976466 0.9802736 1.396984E-09 0 -3.375694E-09 -2.105717E-09 1 0 -1.71332 0 0 1  
												<Children>: 1
													<Frame>: 7 0 Bip001_L_Foot
													<ParentIndex>:5
														<Transform>: -2.202253 -9.689331E-08 -9.689331E-08 352.6893 1.785069 7.883372 1 1 1 -0.06252768 0.01989062 0.06958374 0.9954159  
														<TransformMatrix>: 0.9895251 0.1360421 -0.0483007 0 -0.1410169 0.9824969 -0.121714 0 0.03089705 0.1272502 0.9913893 0 -2.202253 -9.689331E-08 -9.689331E-08 1  
														<Children>: 1
															<Frame>: 8 0 Bip001_L_Toe0
															<ParentIndex>:6
																<Transform>: -0.6010727 0.6566512 4.844665E-08 -7.683963E-06 -6.874154E-07 270 1 1 1 -4.317339E-08 -5.165701E-08 -0.7071068 0.7071068  
																<TransformMatrix>: -1.192093E-07 -1 1.341105E-07 0 1 -1.192093E-07 1.199766E-08 0 -1.199767E-08 1.341105E-07 1 0 -0.6010727 0.6566512 4.844665E-08 1  
																<Children>: 1
																	<Frame>: 9 0 Bip001_L_Toe01
																	<ParentIndex>:7
																		<Transform>: -0.07840045 -9.462237E-11 4.844665E-08 1.516606E-21 -8.537735E-07 1.017777E-13 1 1 1 6.617443E-24 -7.45058E-09 8.881783E-16 1  
																		<TransformMatrix>: 1 1.776357E-15 1.490116E-08 0 -1.776357E-15 1 0 0 -1.490116E-08 -2.646978E-23 1 0 -0.07840045 -9.462237E-11 4.844665E-08 1  
																		<Children>: 1
																			<Frame>: 10 0 Bip001_L_Toe02
																			<ParentIndex>:8
																				<Transform>: -0.07840103 0 -4.844665E-08 1.516606E-21 -8.537735E-07 1.017777E-13 1 1 1 6.617443E-24 -7.45058E-09 8.881783E-16 1  
																				<TransformMatrix>: 1 1.776357E-15 1.490116E-08 0 -1.776357E-15 1 0 0 -1.490116E-08 -2.646978E-23 1 0 -0.07840103 0 -4.844665E-08 1  
																				<Children>: 1
																					<Frame>: 11 0 Bip001_L_Toe0Nub
																					<ParentIndex>:9
																						<Transform>: -0.07840084 1.892447E-10 0 1.621164E-21 -8.537735E-07 180 -1 -1 -1 -7.45058E-09 -7.073661E-24 1 -9.494107E-16  
																						<TransformMatrix>: 1 1.898821E-15 1.490116E-08 0 -1.898821E-15 1 0 0 1.490116E-08 2.829464E-23 -1 0 -0.07840084 1.892447E-10 0 1  
																						<Children>: 0
																					</Frame>
																			</Frame>
																	</Frame>
															</Frame>
													</Frame>
											</Frame>
									</Frame>
									<Frame>: 12 0 Bip001_R_Thigh
									<ParentIndex>:3
										<Transform>: 0.4979084 -0.06306695 -0.6627952 1.211543 182.387 6.647934 1 1 1 0.05774597 0.9980581 -0.01176009 -0.02018028  
										<TransformMatrix>: -0.9925164 0.1157423 0.03892399 0 0.114793 0.9930543 -0.02580517 0 -0.04164038 -0.02114385 -0.9989091 0 0.4979084 -0.06306695 -0.6627952 1  
										<Children>: 1
											<Frame>: 13 0 Bip001_R_Calf
											<ParentIndex>:4
												<Transform>: -1.71332 4.844665E-08 0 5.255845E-08 9.218987E-09 9.94873 1 0.9999999 1 4.639074E-10 4.03775E-11 0.08671002 0.9962336  
												<TransformMatrix>: 0.9849628 0.1727669 0 0 -0.1727668 0.9849627 9.313225E-10 0 1.609017E-10 -9.17318E-10 1 0 -1.71332 4.844665E-08 0 1  
												<Children>: 1
													<Frame>: 14 0 Bip001_R_Foot
													<ParentIndex>:5
														<Transform>: -2.202253 -9.689331E-08 0 6.453194 355.578 343.2613 1 1 1 0.06125058 -0.02992156 -0.1430668 0.9873627  
														<TransformMatrix>: 0.9572732 -0.286183 0.04156101 0 0.2788522 0.9515605 0.1295146 0 -0.07661272 -0.1123915 0.9907063 0 -2.202253 -9.689331E-08 0 1  
														<Children>: 1
															<Frame>: 15 0 Bip001_R_Toe0
															<ParentIndex>:6
																<Transform>: -0.6010727 0.656651 0 -2.389482E-05 -9.380665E-06 270 1 0.9999999 1 -8.956205E-08 -2.053321E-07 -0.7071068 0.7071067  
																<TransformMatrix>: -1.192093E-07 -0.9999999 4.170432E-07 0 0.9999999 -1.192093E-07 1.637235E-07 0 -1.637235E-07 4.170433E-07 1 0 -0.6010727 0.656651 0 1  
																<Children>: 1
																	<Frame>: 16 0 Bip001_R_Toe01
																	<ParentIndex>:7
																		<Transform>: -0.07840084 -7.56979E-10 -9.689331E-08 4.160675E-10 2.244655E-09 3.335053E-09 1 1 1 3.630873E-12 1.958831E-11 2.910383E-11 1  
																		<TransformMatrix>: 1 5.820766E-11 -3.917663E-11 0 -5.820766E-11 1 7.261747E-12 0 3.917663E-11 -7.261747E-12 1 0 -0.07840084 -7.56979E-10 -9.689331E-08 1  
																		<Children>: 1
																			<Frame>: 17 0 Bip001_R_Toe02
																			<ParentIndex>:8
																				<Transform>: -0.07840079 7.56979E-10 0 4.160675E-10 2.244655E-09 3.335053E-09 1 1 1 3.630873E-12 1.958831E-11 2.910383E-11 1  
																				<TransformMatrix>: 1 5.820766E-11 -3.917663E-11 0 -5.820766E-11 1 7.261747E-12 0 3.917663E-11 -7.261747E-12 1 0 -0.07840079 7.56979E-10 0 1  
																				<Children>: 1
																					<Frame>: 18 0 Bip001_R_Toe0Nub
																					<ParentIndex>:9
																						<Transform>: -0.07840082 -1.513958E-09 9.689331E-08 4.160675E-10 2.244655E-09 3.335053E-09 1 1 1 3.630873E-12 1.958831E-11 2.910383E-11 1  
																						<TransformMatrix>: 1 5.820766E-11 -3.917663E-11 0 -5.820766E-11 1 7.261747E-12 0 3.917663E-11 -7.261747E-12 1 0 -0.07840082 -1.513958E-09 9.689331E-08 1  
																						<Children>: 0
																					</Frame>
																			</Frame>
																	</Frame>
															</Frame>
													</Frame>
											</Frame>
									</Frame>
									<Frame>: 19 0 Bip001_Spine1
									<ParentIndex>:3
										<Transform>: -0.7060387 -0.0005622 -1.573097E-09 -1.259551E-08 -1.042204E-10 0 1 1 1 -1.099165E-10 -9.094947E-13 -9.996849E-23 1  
										<TransformMatrix>: 1 0 1.818989E-12 0 3.99874E-22 1 -2.19833E-10 0 -1.81899E-12 2.198331E-10 1 0 -0.7060387 -0.0005622 -1.573097E-09 1  
										<Children>: 1
											<Frame>: 20 0 Bip001_Spine2
											<ParentIndex>:4
												<Transform>: -0.7060387 -0.0005585017 -6.438907E-05 6.576378 0.01051974 0.0006044334 1 1 1 0.05735823 9.134838E-05 3.893601E-10 0.9983537  
												<TransformMatrix>: 1 1.047994E-05 -0.0001823959 0 1.047839E-05 0.9934202 0.1145276 0 0.000182396 -0.1145276 0.9934202 0 -0.7060387 -0.0005585017 -6.438907E-05 1  
												<Children>: 1
													<Frame>: 21 0 Bip001_Neck
													<ParentIndex>:5
														<Transform>: -0.5931386 -0.0001533655 -4.258007E-10 9.902263E-07 8.337634E-10 3.335054E-09 0.9999999 0.9999999 1 8.641355E-09 7.275958E-12 2.910383E-11 1  
														<TransformMatrix>: 0.9999999 5.820766E-11 -1.455192E-11 0 -5.820766E-11 0.9999999 1.728271E-08 0 1.455192E-11 -1.728271E-08 1 0 -0.5931386 -0.0001533655 -4.258007E-10 1  
														<Children>: 3
															<Frame>: 22 0 Bip001_Head
															<ParentIndex>:6
																<Transform>: -0.2933666 9.65943E-06 0 351.767 359.9868 0.04698207 0.9999999 0.9999999 1 -0.07178511 -8.553101E-05 0.0004006642 0.99742  
																<TransformMatrix>: 0.9999996 0.0008115407 0.0001130972 0 -0.0007869813 0.9896934 -0.1431999 0 -0.0002281441 0.1431997 0.9896938 0 -0.2933666 9.65943E-06 0 1  
																<Children>: 1
																	<Frame>: 23 0 Bip001_HeadNub
																	<ParentIndex>:7
																		<Transform>: -1.008106 -1.478475E-12 0 -4.718268E-18 -3.882513E-19 0 1 1 1 -4.117466E-20 -3.388132E-21 -1.395049E-40 1  
																		<TransformMatrix>: 1 0 6.776264E-21 0 5.580195E-40 1 -8.234931E-20 0 -6.776264E-21 8.234931E-20 1 0 -1.008106 -1.478475E-12 0 1  
																		<Children>: 0
																	</Frame>
															</Frame>
															<Frame>: 24 0 Bip001_L_Clavicle
															<ParentIndex>:6
																<Transform>: 0.3428488 0.0005155174 0.2638592 0.04562367 269.2436 179.9992 0.9999999 0.9999999 0.9999999 0.711759 0.0002843979 -0.7024238 0.0002787092  
																<TransformMatrix>: 0.01320159 1.33015E-05 -0.9999129 0 0.0007963893 -0.9999999 -2.78803E-06 0 -0.9999125 -0.0007962831 -0.01320183 0 0.3428488 0.0005155174 0.2638592 1  
																<Children>: 1
																	<Frame>: 25 0 Bip001_L_UpperArm
																	<ParentIndex>:7
																		<Transform>: -0.9947009 -9.882124E-09 0 60.49891 333.4323 84.20034 0.9999999 1 0.9999999 0.2307069 -0.4759764 0.6495335 0.5461933  
																		<TransformMatrix>: -0.2968945 0.4899195 0.8196539 0 -0.9291637 0.04976124 -0.3663041 0 -0.2202466 -0.8703462 0.4404416 0 -0.9947009 -9.882124E-09 0 1  
																		<Children>: 1
																			<Frame>: 26 0 Bip001_L_Forearm
																			<ParentIndex>:8
																				<Transform>: -1.22199 0 0 -1.564686E-06 2.027837E-06 37.65389 1 1 1 -7.213149E-09 2.115587E-08 0.3227109 0.9464976  
																				<TransformMatrix>: 0.7917155 0.6108902 -4.470348E-08 0 -0.6108903 0.7917156 -8.881786E-16 0 3.539243E-08 2.730891E-08 1 0 -1.22199 0 0 1  
																				<Children>: 1
																					<Frame>: 27 0 Bip001_L_Hand
																					<ParentIndex>:9
																						<Transform>: -1.782491 0 0 28.19584 180.7448 159.2654 1 1 1 0.9537418 0.1760916 -0.05003428 0.2384637  
																						<TransformMatrix>: 0.9329768 0.3120291 -0.1794225 0 0.3597545 -0.8242538 0.4372444 0 -0.01145669 -0.4724869 -0.8812635 0 -1.782491 0 0 1  
																						<Children>: 5
																							<Frame>: 28 0 Bip001_L_Finger0
																							<ParentIndex>:10
																								<Transform>: -0.327492 0.06120944 -0.2139435 58.79454 246.8851 359.3736 1 1 1 -0.2744843 0.7255046 -0.4069639 -0.4823711  
																								<TransformMatrix>: -0.383953 -0.005664021 0.9233353 0 -0.7908945 0.5180775 -0.3257018 0 -0.4765145 -0.855315 -0.2033971 0 -0.327492 0.06120944 -0.2139435 1  
																								<Children>: 1
																									<Frame>: 29 0 Bip001_L_Finger01
																									<ParentIndex>:11
																										<Transform>: -0.1272908 0 0 346.4215 316.0405 310.9682 1 1 1 0.05447445 -0.383637 -0.4223453 0.8194386  
																										<TransformMatrix>: 0.3488942 -0.733969 0.5827198 0 0.6503754 0.6373139 0.4133315 0 -0.674748 0.2347777 0.6997105 0 -0.1272908 0 0 1  
																										<Children>: 1
																											<Frame>: 30 0 Bip001_L_Finger02
																											<ParentIndex>:12
																												<Transform>: -0.1440331 9.689331E-08 0 359.5388 333.8999 317.4413 0.9999999 0.9999999 1 0.07829263 -0.2118287 -0.3543864 0.907419  
																												<TransformMatrix>: 0.6590777 -0.676323 0.3289431 0 0.6099845 0.7365611 0.2922268 0 -0.4399265 0.008049981 0.8979979 0 -0.1440331 9.689331E-08 0 1  
																												<Children>: 1
																													<Frame>: 31 0 Bip001_L_Finger0Nub
																													<ParentIndex>:13
																														<Transform>: -0.1272911 -3.875732E-07 9.689331E-08 1.067217E-07 -8.537737E-07 -3.415095E-06 1 1 1 9.313224E-10 -7.450581E-09 -2.980232E-08 1  
																														<TransformMatrix>: 1 -5.960464E-08 1.490116E-08 0 5.960464E-08 1 1.862645E-09 0 -1.490116E-08 -1.862644E-09 1 0 -0.1272911 -3.875732E-07 9.689331E-08 1  
																														<Children>: 0
																													</Frame>
																											</Frame>
																									</Frame>
																							</Frame>
																							<Frame>: 32 0 Bip001_L_Finger1
																							<ParentIndex>:10
																								<Transform>: -0.6200643 0.04070217 -0.1901233 3.969895 358.4734 358.5844 1 1 1 0.03479568 -0.01288433 -0.0118832 0.9992408  
																								<TransformMatrix>: 0.9993857 -0.02464499 0.02492212 0 0.02285171 0.9972962 0.06984474 0 -0.02657605 -0.06923231 0.9972465 0 -0.6200643 0.04070217 -0.1901233 1  
																								<Children>: 1
																									<Frame>: 33 0 Bip001_L_Finger11
																									<ParentIndex>:11
																										<Transform>: -0.1673321 0 -9.689331E-08 27.10812 353.0195 340.019 0.9999999 0.9999999 1 0.2406483 -0.01770299 -0.1542893 0.9581074  
																										<TransformMatrix>: 0.9517628 -0.3041718 -0.04033617 0 0.287131 0.8365663 0.4665966 0 -0.1081817 -0.4556711 0.88355 0 -0.1673321 0 -9.689331E-08 1  
																										<Children>: 1
																											<Frame>: 34 0 Bip001_L_Finger12
																											<ParentIndex>:12
																												<Transform>: -0.1673318 3.875732E-07 -3.875732E-07 359.3364 0.4715828 272.9287 1 1 0.9999999 -0.007032688 -0.001005454 -0.6887711 0.7249442  
																												<TransformMatrix>: 0.05118681 -0.9986271 0.01114562 0 0.9986553 0.05108988 -0.008811558 0 0.008230027 0.01158167 0.999899 0 -0.1673318 3.875732E-07 -3.875732E-07 1  
																												<Children>: 1
																													<Frame>: 35 0 Bip001_L_Finger1Nub
																													<ParentIndex>:13
																														<Transform>: -0.167332 0 0 -2.134434E-06 -1.707548E-06 -8.537738E-07 1 1 1 -1.862645E-08 -1.490116E-08 -7.450581E-09 1  
																														<TransformMatrix>: 1 -1.490116E-08 2.980233E-08 0 1.490116E-08 1 -3.725291E-08 0 -2.980233E-08 3.725291E-08 1 0 -0.167332 0 0 1  
																														<Children>: 0
																													</Frame>
																											</Frame>
																									</Frame>
																							</Frame>
																							<Frame>: 36 0 Bip001_L_Finger2
																							<ParentIndex>:10
																								<Transform>: -0.6200569 0.04078704 -0.06812191 3.969895 358.4734 358.5844 1 1 1 0.03479568 -0.01288433 -0.0118832 0.9992408  
																								<TransformMatrix>: 0.9993857 -0.02464499 0.02492212 0 0.02285171 0.9972962 0.06984474 0 -0.02657605 -0.06923231 0.9972465 0 -0.6200569 0.04078704 -0.06812191 1  
																								<Children>: 1
																									<Frame>: 37 0 Bip001_L_Finger21
																									<ParentIndex>:11
																										<Transform>: -0.195221 0 0 27.10812 353.0195 340.019 0.9999999 0.9999999 1 0.2406483 -0.01770299 -0.1542893 0.9581074  
																										<TransformMatrix>: 0.9517628 -0.3041718 -0.04033617 0 0.287131 0.8365663 0.4665966 0 -0.1081817 -0.4556711 0.88355 0 -0.195221 0 0 1  
																										<Children>: 1
																											<Frame>: 38 0 Bip001_L_Finger22
																											<ParentIndex>:12
																												<Transform>: -0.1952206 -3.875732E-07 0 359.3364 0.4715828 272.9287 1 1 0.9999999 -0.007032688 -0.001005454 -0.6887711 0.7249442  
																												<TransformMatrix>: 0.05118681 -0.9986271 0.01114562 0 0.9986553 0.05108988 -0.008811558 0 0.008230027 0.01158167 0.999899 0 -0.1952206 -3.875732E-07 0 1  
																												<Children>: 1
																													<Frame>: 39 0 Bip001_L_Finger2Nub
																													<ParentIndex>:13
																														<Transform>: -0.1583376 0 3.875732E-07 -2.134434E-06 -1.707548E-06 -8.537738E-07 1 1 1 -1.862645E-08 -1.490116E-08 -7.450581E-09 1  
																														<TransformMatrix>: 1 -1.490116E-08 2.980233E-08 0 1.490116E-08 1 -3.725291E-08 0 -2.980233E-08 3.725291E-08 1 0 -0.1583376 0 3.875732E-07 1  
																														<Children>: 0
																													</Frame>
																											</Frame>
																									</Frame>
																							</Frame>
																							<Frame>: 40 0 Bip001_L_Finger3
																							<ParentIndex>:10
																								<Transform>: -0.6200419 0.04086262 0.05875194 3.969895 358.4734 358.5844 1 1 1 0.03479568 -0.01288433 -0.0118832 0.9992408  
																								<TransformMatrix>: 0.9993857 -0.02464499 0.02492212 0 0.02285171 0.9972962 0.06984474 0 -0.02657605 -0.06923231 0.9972465 0 -0.6200419 0.04086262 0.05875194 1  
																								<Children>: 1
																									<Frame>: 41 0 Bip001_L_Finger31
																									<ParentIndex>:11
																										<Transform>: -0.1673321 -3.875732E-07 0 27.10812 353.0195 340.019 0.9999999 0.9999999 1 0.2406483 -0.01770299 -0.1542893 0.9581074  
																										<TransformMatrix>: 0.9517628 -0.3041718 -0.04033617 0 0.287131 0.8365663 0.4665966 0 -0.1081817 -0.4556711 0.88355 0 -0.1673321 -3.875732E-07 0 1  
																										<Children>: 1
																											<Frame>: 42 0 Bip001_L_Finger32
																											<ParentIndex>:12
																												<Transform>: -0.167332 3.875732E-07 -1.937866E-07 359.3364 0.4715828 272.9287 1 1 0.9999999 -0.007032688 -0.001005454 -0.6887711 0.7249442  
																												<TransformMatrix>: 0.05118681 -0.9986271 0.01114562 0 0.9986553 0.05108988 -0.008811558 0 0.008230027 0.01158167 0.999899 0 -0.167332 3.875732E-07 -1.937866E-07 1  
																												<Children>: 1
																													<Frame>: 43 0 Bip001_L_Finger3Nub
																													<ParentIndex>:13
																														<Transform>: -0.1673318 1.937866E-07 0 -2.134434E-06 -1.707548E-06 -8.537738E-07 1 1 1 -1.862645E-08 -1.490116E-08 -7.450581E-09 1  
																														<TransformMatrix>: 1 -1.490116E-08 2.980233E-08 0 1.490116E-08 1 -3.725291E-08 0 -2.980233E-08 3.725291E-08 1 0 -0.1673318 1.937866E-07 0 1  
																														<Children>: 0
																													</Frame>
																											</Frame>
																									</Frame>
																							</Frame>
																							<Frame>: 44 0 Bip001_L_Finger4
																							<ParentIndex>:10
																								<Transform>: -0.6200246 0.04093587 0.1871071 3.969895 358.4734 358.5844 1 1 1 0.03479568 -0.01288433 -0.0118832 0.9992408  
																								<TransformMatrix>: 0.9993857 -0.02464499 0.02492212 0 0.02285171 0.9972962 0.06984474 0 -0.02657605 -0.06923231 0.9972465 0 -0.6200246 0.04093587 0.1871071 1  
																								<Children>: 1
																									<Frame>: 45 0 Bip001_L_Finger41
																									<ParentIndex>:11
																										<Transform>: -0.1659633 0 -9.689331E-08 27.10812 353.0195 340.019 0.9999999 0.9999999 1 0.2406483 -0.01770299 -0.1542893 0.9581074  
																										<TransformMatrix>: 0.9517628 -0.3041718 -0.04033617 0 0.287131 0.8365663 0.4665966 0 -0.1081817 -0.4556711 0.88355 0 -0.1659633 0 -9.689331E-08 1  
																										<Children>: 1
																											<Frame>: 46 0 Bip001_L_Finger42
																											<ParentIndex>:12
																												<Transform>: -0.1659633 1.937866E-07 -1.937866E-07 359.3364 0.4715828 272.9287 1 1 0.9999999 -0.007032688 -0.001005454 -0.6887711 0.7249442  
																												<TransformMatrix>: 0.05118681 -0.9986271 0.01114562 0 0.9986553 0.05108988 -0.008811558 0 0.008230027 0.01158167 0.999899 0 -0.1659633 1.937866E-07 -1.937866E-07 1  
																												<Children>: 1
																													<Frame>: 47 0 Bip001_L_Finger4Nub
																													<ParentIndex>:13
																														<Transform>: -0.1095148 1.937866E-07 1.937866E-07 -2.134434E-06 -1.707548E-06 -8.537738E-07 1 1 1 -1.862645E-08 -1.490116E-08 -7.450581E-09 1  
																														<TransformMatrix>: 1 -1.490116E-08 2.980233E-08 0 1.490116E-08 1 -3.725291E-08 0 -2.980233E-08 3.725291E-08 1 0 -0.1095148 1.937866E-07 1.937866E-07 1  
																														<Children>: 0
																													</Frame>
																											</Frame>
																									</Frame>
																							</Frame>
																					</Frame>
																			</Frame>
																	</Frame>
															</Frame>
															<Frame>: 48 0 Bip001_R_Clavicle
															<ParentIndex>:6
																<Transform>: 0.3428496 0.00051698 -0.2638592 359.9543 90.75642 179.9996 0.9999999 0.9999999 0.9999999 0.711759 0.0002826369 0.7024238 -0.0002808885  
																<TransformMatrix>: 0.01320159 7.733265E-06 0.9999129 0 0.0007969441 -0.9999999 -2.78803E-06 0 0.9999125 0.0007969115 -0.01320183 0 0.3428496 0.00051698 -0.2638592 1  
																<Children>: 1
																	<Frame>: 49 0 Bip001_R_UpperArm
																	<ParentIndex>:7
																		<Transform>: -0.9947009 -1.58315E-08 0 353.7816 87.9853 344.1939 1 1 0.9999999 -0.1340105 0.6815912 -0.06145896 0.7167268  
																		<TransformMatrix>: 0.06331241 -0.2707793 -0.9605572 0 -0.09458216 0.9565281 -0.2758776 0 0.9935017 0.108318 0.03494918 0 -0.9947009 -1.58315E-08 0 1  
																		<Children>: 1
																			<Frame>: 50 0 Bip001_R_Forearm
																			<ParentIndex>:8
																				<Transform>: -1.22199 0 0 -8.072531E-07 8.95108E-07 104.3462 1 1 1 1.849581E-09 1.03548E-08 0.7898674 0.6132777  
																				<TransformMatrix>: -0.247781 0.9688161 -9.778888E-09 0 -0.9688161 -0.247781 1.862645E-08 0 1.562258E-08 1.408922E-08 1 0 -1.22199 0 0 1  
																				<Children>: 1
																					<Frame>: 51 0 Bip001_R_Hand
																					<ParentIndex>:9
																						<Transform>: -1.782491 0 9.689331E-08 82.09468 154.0613 169.6954 1 1 1 0.7451946 -0.08078434 0.1111057 0.6525447  
																						<TransformMatrix>: 0.9622589 0.02460281 0.2710216 0 -0.265403 -0.1353188 0.9545944 0 0.06016 -0.9904968 -0.123682 0 -1.782491 0 9.689331E-08 1  
																						<Children>: 5
																							<Frame>: 52 0 Bip001_R_Finger0
																							<ParentIndex>:10
																								<Transform>: -0.327492 0.06120983 0.2139435 301.7689 103.4607 333.5385 1 1 1 -0.4503499 0.5987179 0.2480267 0.6141698  
																								<TransformMatrix>: 0.1600392 -0.2346042 -0.9588267 0 -0.8439261 0.4713354 -0.2561866 0 0.5120313 0.8501786 -0.1225564 0 -0.327492 0.06120983 0.2139435 1  
																								<Children>: 1
																									<Frame>: 53 0 Bip001_R_Finger01
																									<ParentIndex>:11
																										<Transform>: -0.1272903 1.937866E-07 0 33.50963 55.1707 323.9065 1 1 1 0.1055704 0.5007508 -0.3898449 0.7655877  
																										<TransformMatrix>: 0.1945392 -0.4911921 -0.8490496 0 0.7026499 0.6737517 -0.2287835 0 0.6844252 -0.5520772 0.4762071 0 -0.1272903 1.937866E-07 0 1  
																										<Children>: 1
																											<Frame>: 54 0 Bip001_R_Finger02
																											<ParentIndex>:12
																												<Transform>: -0.1440339 -3.875732E-07 -3.875732E-07 33.50962 55.1707 323.9064 1 1 1 0.1055704 0.5007508 -0.3898449 0.7655877  
																												<TransformMatrix>: 0.1945392 -0.4911921 -0.8490496 0 0.7026499 0.6737517 -0.2287835 0 0.6844252 -0.5520771 0.4762071 0 -0.1440339 -3.875732E-07 -3.875732E-07 1  
																												<Children>: 1
																													<Frame>: 55 0 Bip001_R_Finger0Nub
																													<ParentIndex>:13
																														<Transform>: -0.1272907 9.689331E-08 0 -1.045571E-22 -8.537735E-07 180 -1 -1 -1 -7.45058E-09 4.562164E-25 1 6.123234E-17  
																														<TransformMatrix>: 1 -1.224647E-16 1.490116E-08 0 1.224647E-16 1 9.860761E-32 0 1.490116E-08 -1.824866E-24 -1 0 -0.1272907 9.689331E-08 0 1  
																														<Children>: 0
																													</Frame>
																											</Frame>
																									</Frame>
																							</Frame>
																							<Frame>: 56 0 Bip001_R_Finger1
																							<ParentIndex>:10
																								<Transform>: -0.6200641 0.04070246 0.1901233 0.5836086 359.389 286.429 1 1 1 0.00727166 -0.00122056 -0.5987828 0.8008775  
																								<TransformMatrix>: 0.2829152 -0.9591212 -0.006753251 0 0.9590858 0.2828125 0.01310912 0 -0.01066333 -0.01018572 0.9998914 0 -0.6200641 0.04070246 0.1901233 1  
																								<Children>: 1
																									<Frame>: 57 0 Bip001_R_Finger11
																									<ParentIndex>:11
																										<Transform>: -0.167332 -1.937866E-07 0 0.5365779 359.3878 272.9286 1 1 0.9999999 0.007074609 -0.0006478757 -0.6887711 0.7249441  
																										<TransformMatrix>: 0.05118781 -0.9986503 -0.008806225 0 0.998632 0.05108858 0.01114987 0 -0.01068492 -0.009364914 0.999899 0 -0.167332 -1.937866E-07 0 1  
																										<Children>: 1
																											<Frame>: 58 0 Bip001_R_Finger12
																											<ParentIndex>:12
																												<Transform>: -0.1673318 -4.844665E-08 0 0.6635988 359.5284 272.9287 1 1 0.9999999 0.007032697 0.001005486 -0.6887711 0.7249442  
																												<TransformMatrix>: 0.0511868 -0.998627 -0.01114568 0 0.9986554 0.05108989 0.008811527 0 -0.008229993 -0.01158172 0.999899 0 -0.1673318 -4.844665E-08 0 1  
																												<Children>: 1
																													<Frame>: 59 0 Bip001_R_Finger1Nub
																													<ParentIndex>:13
																														<Transform>: -0.167332 1.937866E-07 3.875732E-07 2.134434E-07 2.134434E-07 180 -1 -1 -1 1.862645E-09 -1.862645E-09 1 -3.49246E-09  
																														<TransformMatrix>: 1 6.984919E-09 -3.72529E-09 0 -6.984919E-09 1 3.72529E-09 0 -3.72529E-09 3.72529E-09 -1 0 -0.167332 1.937866E-07 3.875732E-07 1  
																														<Children>: 0
																													</Frame>
																											</Frame>
																									</Frame>
																							</Frame>
																							<Frame>: 60 0 Bip001_R_Finger2
																							<ParentIndex>:10
																								<Transform>: -0.6200567 0.04078729 0.0681222 0.5836086 359.389 286.429 1 1 1 0.00727166 -0.00122056 -0.5987828 0.8008775  
																								<TransformMatrix>: 0.2829152 -0.9591212 -0.006753251 0 0.9590858 0.2828125 0.01310912 0 -0.01066333 -0.01018572 0.9998914 0 -0.6200567 0.04078729 0.0681222 1  
																								<Children>: 1
																									<Frame>: 61 0 Bip001_R_Finger21
																									<ParentIndex>:11
																										<Transform>: -0.1952207 1.937866E-07 -3.875732E-07 0.5365779 359.3878 272.9286 1 1 0.9999999 0.007074609 -0.0006478757 -0.6887711 0.7249441  
																										<TransformMatrix>: 0.05118781 -0.9986503 -0.008806225 0 0.998632 0.05108858 0.01114987 0 -0.01068492 -0.009364914 0.999899 0 -0.1952207 1.937866E-07 -3.875732E-07 1  
																										<Children>: 1
																											<Frame>: 62 0 Bip001_R_Finger22
																											<ParentIndex>:12
																												<Transform>: -0.1952206 -1.937866E-07 0 0.6635988 359.5284 272.9287 1 1 0.9999999 0.007032697 0.001005486 -0.6887711 0.7249442  
																												<TransformMatrix>: 0.0511868 -0.998627 -0.01114568 0 0.9986554 0.05108989 0.008811527 0 -0.008229993 -0.01158172 0.999899 0 -0.1952206 -1.937866E-07 0 1  
																												<Children>: 1
																													<Frame>: 63 0 Bip001_R_Finger2Nub
																													<ParentIndex>:13
																														<Transform>: -0.1583377 0 0 2.134434E-07 2.134434E-07 180 -1 -1 -1 1.862645E-09 -1.862645E-09 1 -3.49246E-09  
																														<TransformMatrix>: 1 6.984919E-09 -3.72529E-09 0 -6.984919E-09 1 3.72529E-09 0 -3.72529E-09 3.72529E-09 -1 0 -0.1583377 0 0 1  
																														<Children>: 0
																													</Frame>
																											</Frame>
																									</Frame>
																							</Frame>
																							<Frame>: 64 0 Bip001_R_Finger3
																							<ParentIndex>:10
																								<Transform>: -0.620042 0.04086306 -0.05875184 0.5836086 359.389 286.429 1 1 1 0.00727166 -0.00122056 -0.5987828 0.8008775  
																								<TransformMatrix>: 0.2829152 -0.9591212 -0.006753251 0 0.9590858 0.2828125 0.01310912 0 -0.01066333 -0.01018572 0.9998914 0 -0.620042 0.04086306 -0.05875184 1  
																								<Children>: 1
																									<Frame>: 65 0 Bip001_R_Finger31
																									<ParentIndex>:11
																										<Transform>: -0.167332 0 0 0.5365779 359.3878 272.9286 1 1 0.9999999 0.007074609 -0.0006478757 -0.6887711 0.7249441  
																										<TransformMatrix>: 0.05118781 -0.9986503 -0.008806225 0 0.998632 0.05108858 0.01114987 0 -0.01068492 -0.009364914 0.999899 0 -0.167332 0 0 1  
																										<Children>: 1
																											<Frame>: 66 0 Bip001_R_Finger32
																											<ParentIndex>:12
																												<Transform>: -0.167332 -4.844665E-08 0 0.6635988 359.5284 272.9287 1 1 0.9999999 0.007032697 0.001005486 -0.6887711 0.7249442  
																												<TransformMatrix>: 0.0511868 -0.998627 -0.01114568 0 0.9986554 0.05108989 0.008811527 0 -0.008229993 -0.01158172 0.999899 0 -0.167332 -4.844665E-08 0 1  
																												<Children>: 1
																													<Frame>: 67 0 Bip001_R_Finger3Nub
																													<ParentIndex>:13
																														<Transform>: -0.167332 0 0 2.134434E-07 2.134434E-07 180 -1 -1 -1 1.862645E-09 -1.862645E-09 1 -3.49246E-09  
																														<TransformMatrix>: 1 6.984919E-09 -3.72529E-09 0 -6.984919E-09 1 3.72529E-09 0 -3.72529E-09 3.72529E-09 -1 0 -0.167332 0 0 1  
																														<Children>: 0
																													</Frame>
																											</Frame>
																									</Frame>
																							</Frame>
																							<Frame>: 68 0 Bip001_R_Finger4
																							<ParentIndex>:10
																								<Transform>: -0.6200247 0.04093616 -0.1871068 0.5836086 359.389 286.429 1 1 1 0.00727166 -0.00122056 -0.5987828 0.8008775  
																								<TransformMatrix>: 0.2829152 -0.9591212 -0.006753251 0 0.9590858 0.2828125 0.01310912 0 -0.01066333 -0.01018572 0.9998914 0 -0.6200247 0.04093616 -0.1871068 1  
																								<Children>: 1
																									<Frame>: 69 0 Bip001_R_Finger41
																									<ParentIndex>:11
																										<Transform>: -0.1659633 -1.937866E-07 -3.875732E-07 0.5365779 359.3878 272.9286 1 1 0.9999999 0.007074609 -0.0006478757 -0.6887711 0.7249441  
																										<TransformMatrix>: 0.05118781 -0.9986503 -0.008806225 0 0.998632 0.05108858 0.01114987 0 -0.01068492 -0.009364914 0.999899 0 -0.1659633 -1.937866E-07 -3.875732E-07 1  
																										<Children>: 1
																											<Frame>: 70 0 Bip001_R_Finger42
																											<ParentIndex>:12
																												<Transform>: -0.1659633 0 0 0.6635988 359.5284 272.9287 1 1 0.9999999 0.007032697 0.001005486 -0.6887711 0.7249442  
																												<TransformMatrix>: 0.0511868 -0.998627 -0.01114568 0 0.9986554 0.05108989 0.008811527 0 -0.008229993 -0.01158172 0.999899 0 -0.1659633 0 0 1  
																												<Children>: 1
																													<Frame>: 71 0 Bip001_R_Finger4Nub
																													<ParentIndex>:13
																														<Transform>: -0.1095146 0 0 2.134434E-07 2.134434E-07 180 -1 -1 -1 1.862645E-09 -1.862645E-09 1 -3.49246E-09  
																														<TransformMatrix>: 1 6.984919E-09 -3.72529E-09 0 -6.984919E-09 1 3.72529E-09 0 -3.72529E-09 3.72529E-09 -1 0 -0.1095146 0 0 1  
																														<Children>: 0
																													</Frame>
																											</Frame>
																									</Frame>
																							</Frame>
																					</Frame>
																			</Frame>
																	</Frame>
															</Frame>
													</Frame>
											</Frame>
									</Frame>
							</Frame>
					</Frame>
			</Frame>
			<Frame>: 72 0 Pistol01
			<ParentIndex>:0
				<Transform>: 0.795514 4.9431 2.861479 270 180 0 2.54 3.5 2.54 -1.060302E-24 0.7071068 0.7071068 -8.659561E-17  
				<TransformMatrix>: -2.540001 -3.110603E-16 3.110603E-16 0 4.286264E-16 -4.172325E-07 3.5 0 -3.110603E-16 2.54 -3.027916E-07 0 0.795514 4.9431 2.861479 1  
				<SkinningInfo>: Pistol01
					<BonesPerVertex>: 4
					<Bounds>: -0.8632335 0.1905035 0.1517835 1.21251 0.3281181 0.7475086
					<BoneNames>: 1 Bip001_R_Hand  
					<BoneOffsets>: 1 0.05595738 2.531083 -0.2051508 0 -3.499037 0.07456953 -0.03439033 0 -0.02049908 0.2056442 2.531578 0 -1.262736 0.1411518 -0.423604 1  
