<Hierarchy>:
	<Frame>: 0 0 SMG02_Run_Reload
	<ParentIndex>:-1
		<Transform>: 2.740101 -2.79 -18.07099 0 0 0 1 1 1 0 0 0 1  
		<TransformMatrix>: 1 0 0 0 0 1 0 0 0 0 1 0 2.740101 -2.79 -18.07099 1  
		<Children>: 2
			<Frame>: 1 0 Bip001
			<ParentIndex>:0
				<Transform>: 1.790908E-16 4.508149 8.100921E-10 280 358.4825 90.00001 0.9999999 0.9999999 0.9999999 -0.4616525 0.4473068 0.535609 0.5476465  
				<TransformMatrix>: 0.0260793 0.1736482 -0.9844623 0 -0.9996493 0 -0.0264816 0 -0.004598528 0.9848077 0.1735872 0 1.790908E-16 4.508149 8.100921E-10 1  
				<Children>: 2
					<Frame>: 2 0 Bip001_Footsteps
					<ParentIndex>:1
						<Transform>: -0.7609754 3.060989E-08 -4.315706 0 10 271.5175 1 0.9999999 1 -0.06080693 0.0624391 -0.6950264 0.7136822  
						<TransformMatrix>: 0.0260793 -0.9996493 -0.004598498 0 0.9844624 0.02648163 -0.1735873 0 0.1736482 0 0.9848077 0 -0.7609754 3.060989E-08 -4.315706 1  
						<Children>: 0
					</Frame>
					<Frame>: 3 0 Bip001_Pelvis
					<ParentIndex>:1
						<Transform>: 0 0 0 270 89.99993 0 0.9999999 0.9999999 0.9999999 -0.5 0.5 0.4999993 0.5000007  
						<TransformMatrix>: 1.311302E-06 0 -0.9999999 0 -0.9999999 1.311302E-06 -1.311302E-06 0 1.311302E-06 0.9999999 0 0 0 0 0 1  
						<Children>: 1
							<Frame>: 4 0 Bip001_Spine
							<ParentIndex>:2
								<Transform>: -0.4978425 -0.0005619327 6.853875E-07 -0.0002383264 7.949348E-05 359.9544 1 1 1 -2.080066E-06 6.928834E-07 -0.0003981665 0.9999999  
								<TransformMatrix>: 0.9999998 -0.000796333 -1.38411E-06 0 0.0007963329 0.9999997 -4.160684E-06 0 1.387423E-06 4.15958E-06 1 0 -0.4978425 -0.0005619327 6.853875E-07 1  
								<Children>: 3
									<Frame>: 5 0 Bip001_L_Thigh
									<ParentIndex>:3
										<Transform>: 0.4978421 0.000956773 0.6658921 359.9566 176.834 342.9574 1 1 1 -0.1481307 0.9885818 -0.003718741 0.02737622  
										<TransformMatrix>: -0.9546157 -0.2930822 -0.05302555 0 -0.292675 0.9560869 -0.01546308 0 0.055229 0.0007579579 -0.9984735 0 0.4978421 0.000956773 0.6658921 1  
										<Children>: 1
											<Frame>: 6 0 Bip001_L_Calf
											<ParentIndex>:4
												<Transform>: -1.71332 -4.844665E-08 0 4.096017E-08 4.453659E-07 12.09933 0.9999999 1 1 7.650597E-10 3.827235E-09 0.1053905 0.994431  
												<TransformMatrix>: 0.9777856 0.2096071 -7.450581E-09 0 -0.2096071 0.9777858 2.328307E-09 0 7.773103E-09 -7.148898E-10 1 0 -1.71332 -4.844665E-08 0 1  
												<Children>: 1
													<Frame>: 7 0 Bip001_L_Foot
													<ParentIndex>:5
														<Transform>: -2.202253 2.422333E-08 0 1.281751 3.022872 354.8913 1 0.9999998 1 0.009994695 0.02684694 -0.04484382 0.9985832  
														<TransformMatrix>: 0.9945365 -0.08902392 -0.05451421 0 0.0900972 0.9957781 0.01755323 0 0.05272141 -0.02236891 0.9983587 0 -2.202253 2.422333E-08 0 1  
														<Children>: 1
															<Frame>: 8 0 Bip001_L_Toe0
															<ParentIndex>:6
																<Transform>: -0.6010727 0.656651 0 -1.707549E-05 -1.798606E-05 270 0.9999999 0.9999999 1 5.61886E-09 -2.163532E-07 -0.7071068 0.7071068  
																<TransformMatrix>: -1.192093E-07 -1 2.980234E-07 0 1 -1.192093E-07 3.139159E-07 0 -3.13916E-07 2.980235E-07 1 0 -0.6010727 0.656651 0 1  
																<Children>: 1
																	<Frame>: 9 0 Bip001_L_Toe01
																	<ParentIndex>:7
																		<Transform>: -0.07840078 1.513958E-09 0 -2.035555E-13 -6.671946E-12 0 0.9999999 0.9999999 1 -1.776357E-15 -5.822372E-14 -1.034261E-28 1  
																		<TransformMatrix>: 0.9999999 0 1.164474E-13 0 4.137044E-28 0.9999999 -3.552714E-15 0 -1.164474E-13 3.552714E-15 1 0 -0.07840078 1.513958E-09 0 1  
																		<Children>: 1
																			<Frame>: 10 0 Bip001_L_Toe02
																			<ParentIndex>:8
																				<Transform>: -0.07840084 -1.513958E-09 0 -2.035555E-13 -6.671946E-12 0 0.9999999 0.9999999 1 -1.776357E-15 -5.822372E-14 -1.034261E-28 1  
																				<TransformMatrix>: 0.9999999 0 1.164474E-13 0 4.137044E-28 0.9999999 -3.552714E-15 0 -1.164474E-13 3.552714E-15 1 0 -0.07840084 -1.513958E-09 0 1  
																				<Children>: 1
																					<Frame>: 11 0 Bip001_L_Toe0Nub
																					<ParentIndex>:9
																						<Transform>: -0.07840088 0 0 -2.035555E-13 -6.671947E-12 180 -1 -1 -1 -5.822372E-14 1.776357E-15 1 6.123234E-17  
																						<TransformMatrix>: 1 -1.224647E-16 1.164474E-13 0 1.224647E-16 1 -3.552714E-15 0 1.164474E-13 -3.552714E-15 -1 0 -0.07840088 0 0 1  
																						<Children>: 0
																					</Frame>
																			</Frame>
																	</Frame>
															</Frame>
													</Frame>
											</Frame>
									</Frame>
									<Frame>: 12 0 Bip001_R_Thigh
									<ParentIndex>:3
										<Transform>: 0.4978421 0.0009604549 -0.6658921 359.8094 184.5892 312.5903 1 1 1 -0.4016411 0.91492 0.01761822 -0.03599173  
										<TransformMatrix>: -0.6747782 -0.7362072 0.05170671 0 -0.7336708 0.6767481 0.06115005 0 -0.08001152 0.003327011 -0.9967886 0 0.4978421 0.0009604549 -0.6658921 1  
										<Children>: 1
											<Frame>: 13 0 Bip001_R_Calf
											<ParentIndex>:4
												<Transform>: -1.71332 -1.937866E-07 -9.689331E-08 3.798294E-07 -6.693167E-07 85.88434 0.9999999 1 1 -1.552711E-09 -6.533904E-09 0.6812598 0.7320417  
												<TransformMatrix>: 0.07177012 0.9974211 7.450581E-09 0 -0.9974212 0.07177013 -1.117587E-08 0 -1.168178E-08 -6.629274E-09 1 0 -1.71332 -1.937866E-07 -9.689331E-08 1  
												<Children>: 1
													<Frame>: 14 0 Bip001_R_Foot
													<ParentIndex>:5
														<Transform>: -2.202253 1.937866E-07 -9.689331E-08 358.3025 355.1503 1.603369 1 1 1 -0.01538994 -0.04209331 0.01335086 0.998906  
														<TransformMatrix>: 0.9960998 0.02796814 0.08368358 0 -0.02537689 0.9991699 -0.03187018 0 -0.08450545 0.02962224 0.9959826 0 -2.202253 1.937866E-07 -9.689331E-08 1  
														<Children>: 1
															<Frame>: 15 0 Bip001_R_Toe0
															<ParentIndex>:6
																<Transform>: -0.6010727 0.656651 0 -6.487528E-05 5.778096E-05 220 1 1 1 6.674575E-07 3.595427E-07 0.9396926 -0.3420203  
																<TransformMatrix>: -0.7660443 -0.6427878 1.500352E-06 0 0.6427879 -0.7660444 2.191513E-07 0 1.008468E-06 1.132287E-06 1 0 -0.6010727 0.656651 0 1  
																<Children>: 1
																	<Frame>: 16 0 Bip001_R_Toe01
																	<ParentIndex>:7
																		<Transform>: -0.07840084 -4.844665E-08 0 0 9.193715E-13 0 1 1 1 0 8.023029E-15 0 1  
																		<TransformMatrix>: 1 0 -1.604606E-14 0 0 1 0 0 1.604606E-14 0 1 0 -0.07840084 -4.844665E-08 0 1  
																		<Children>: 1
																			<Frame>: 17 0 Bip001_R_Toe02
																			<ParentIndex>:8
																				<Transform>: -0.07840084 -4.844665E-08 0 0 9.193715E-13 0 1 1 1 0 8.023029E-15 0 1  
																				<TransformMatrix>: 1 0 -1.604606E-14 0 0 1 0 0 1.604606E-14 0 1 0 -0.07840084 -4.844665E-08 0 1  
																				<Children>: 1
																					<Frame>: 18 0 Bip001_R_Toe0Nub
																					<ParentIndex>:9
																						<Transform>: -0.07840086 0 0 0 9.193715E-13 0 1 1 1 0 8.023029E-15 0 1  
																						<TransformMatrix>: 1 0 -1.604606E-14 0 0 1 0 0 1.604606E-14 0 1 0 -0.07840086 0 0 1  
																						<Children>: 0
																					</Frame>
																			</Frame>
																	</Frame>
															</Frame>
													</Frame>
											</Frame>
									</Frame>
									<Frame>: 19 0 Bip001_Spine1
									<ParentIndex>:3
										<Transform>: -0.7060383 -0.0005466236 0.0001315915 346.4634 359.989 0.00130408 1 0.9999999 1 -0.1178545 -9.384494E-05 4.091275E-09 0.9930309  
										<TransformMatrix>: 1 2.212822E-05 0.0001863809 0 2.211197E-05 0.9722206 -0.2340663 0 -0.0001863828 0.2340663 0.9722206 0 -0.7060383 -0.0005466236 0.0001315915 1  
										<Children>: 1
											<Frame>: 20 0 Bip001_Spine2
											<ParentIndex>:4
												<Transform>: -0.7060383 -0.0005622234 0 -4.535673E-07 0 0 1 1 1 -3.958121E-09 0 0 1  
												<TransformMatrix>: 1 0 0 0 0 1 -7.916242E-09 0 0 7.916242E-09 1 0 -0.7060383 -0.0005622234 0 1  
												<Children>: 1
													<Frame>: 21 0 Bip001_Neck
													<ParentIndex>:5
														<Transform>: -0.5931386 -0.000153479 -1.211166E-08 -4.535673E-07 0 0 1 1 1 -3.958121E-09 0 0 1  
														<TransformMatrix>: 1 0 0 0 0 1 -7.916242E-09 0 0 7.916242E-09 1 0 -0.5931386 -0.000153479 -1.211166E-08 1  
														<Children>: 3
															<Frame>: 22 0 Bip001_Head
															<ParentIndex>:6
																<Transform>: -0.2933666 9.786224E-06 0 13.53659 0.01098346 0.04700662 1 1 1 0.1178545 4.683565E-05 0.0003960551 0.9930308  
																<TransformMatrix>: 0.9999997 0.0007976294 3.352761E-07 0 -0.0007755503 0.9722204 0.2340664 0 0.0001863723 -0.2340663 0.9722207 0 -0.2933666 9.786224E-06 0 1  
																<Children>: 1
																	<Frame>: 23 0 Bip001_HeadNub
																	<ParentIndex>:7
																		<Transform>: -1.008107 -4.844665E-08 -2.594353E-09 4.82455E-08 -2.511061E-09 0 1 1 1 4.210214E-10 -2.191314E-11 9.225901E-21 1  
																		<TransformMatrix>: 1 0 4.382628E-11 0 -3.69036E-20 1 8.420429E-10 0 -4.382628E-11 -8.420429E-10 1 0 -1.008107 -4.844665E-08 -2.594353E-09 1  
																		<Children>: 0
																	</Frame>
															</Frame>
															<Frame>: 24 0 Bip001_L_Clavicle
															<ParentIndex>:6
																<Transform>: 0.3428496 0.0005155693 0.2638592 0.0457425 269.2436 179.9992 1 1 0.9999999 0.711759 0.0002851348 -0.7024238 0.0002794389  
																<TransformMatrix>: 0.0132016 1.332539E-05 -0.9999131 0 0.0007984635 -1 -2.784538E-06 0 -0.9999126 -0.0007983571 -0.01320183 0 0.3428496 0.0005155693 0.2638592 1  
																<Children>: 1
																	<Frame>: 25 0 Bip001_L_UpperArm
																	<ParentIndex>:7
																		<Transform>: -0.9947012 -9.689331E-08 7.751465E-07 340.781 290.2836 323.4649 1 1 1 0.04656393 -0.5780644 -0.3442033 0.7383749  
																		<TransformMatrix>: 0.09473141 -0.5621361 0.8216017 0 0.4544683 0.7587119 0.4667066 0 -0.8857115 0.32918 0.3273468 0 -0.9947012 -9.689331E-08 7.751465E-07 1  
																		<Children>: 1
																			<Frame>: 26 0 Bip001_L_Forearm
																			<ParentIndex>:8
																				<Transform>: -1.22199 1.937866E-07 0 0 0 103.3297 1 1 0.9999999 0 0 0.7843962 0.6202601  
																				<TransformMatrix>: -0.2305547 0.9730593 0 0 -0.9730593 -0.2305547 0 0 0 0 0.9999999 0 -1.22199 1.937866E-07 0 1  
																				<Children>: 1
																					<Frame>: 27 0 Bip001_L_Hand
																					<ParentIndex>:9
																						<Transform>: -1.78249 -3.875732E-07 0 307.8654 251.0254 94.40057 0.9999999 1 1 -0.7099264 -0.3095064 0.139832 0.6169744  
																						<TransformMatrix>: 0.7693055 0.611999 0.1833741 0 0.266908 -0.04709709 -0.9625707 0 -0.5804559 0.7894551 -0.1995795 0 -1.78249 -3.875732E-07 0 1  
																						<Children>: 5
																							<Frame>: 28 0 Bip001_L_Finger0
																							<ParentIndex>:10
																								<Transform>: -0.3274922 0.06120983 -0.2139435 58.23111 256.5393 333.5385 0.9999999 1 0.9999999 0.45035 -0.5987179 0.2480267 0.6141698  
																								<TransformMatrix>: 0.1600392 -0.2346042 0.9588264 0 -0.8439262 0.4713354 0.2561866 0 -0.5120313 -0.8501787 -0.1225564 0 -0.3274922 0.06120983 -0.2139435 1  
																								<Children>: 1
																									<Frame>: 29 0 Bip001_L_Finger01
																									<ParentIndex>:11
																										<Transform>: -0.1272907 -9.689331E-08 3.875732E-07 343.4667 329.0646 334.7253 1 1 1 -0.07747418 -0.2878474 -0.2460807 0.9222721  
																										<TransformMatrix>: 0.7131764 -0.4093052 0.5690771 0 0.4985083 0.8668842 -0.001237199 0 -0.4928175 0.2845719 0.8222833 0 -0.1272907 -9.689331E-08 3.875732E-07 1  
																										<Children>: 1
																											<Frame>: 30 0 Bip001_L_Finger02
																											<ParentIndex>:12
																												<Transform>: -0.1440337 3.875732E-07 0 0.4907196 347.8659 345.2014 1 0.9999999 1 0.0178342 -0.1042629 -0.1276122 0.9861675  
																												<TransformMatrix>: 0.9456887 -0.255413 0.2010896 0 0.2479752 0.9667941 0.06178546 0 -0.2101931 -0.008564569 0.9776224 0 -0.1440337 3.875732E-07 0 1  
																												<Children>: 1
																													<Frame>: 31 0 Bip001_L_Finger0Nub
																													<ParentIndex>:13
																														<Transform>: -0.1272907 -1.937866E-07 0 7.951387E-16 -4.268868E-07 1.067217E-07 1 1 1 3.469447E-18 -3.72529E-09 9.313226E-10 1  
																														<TransformMatrix>: 1 1.862645E-09 7.450581E-09 0 -1.862645E-09 1 0 0 -7.450581E-09 -1.387779E-17 1 0 -0.1272907 -1.937866E-07 0 1  
																														<Children>: 0
																													</Frame>
																											</Frame>
																									</Frame>
																							</Frame>
																							<Frame>: 32 0 Bip001_L_Finger1
																							<ParentIndex>:10
																								<Transform>: -0.6200641 0.04070275 -0.1901233 3.969894 358.4734 358.5844 0.9999999 1 0.9999998 0.03479568 -0.01288435 -0.01188318 0.9992408  
																								<TransformMatrix>: 0.9993855 -0.02464495 0.02492216 0 0.02285167 0.9972961 0.06984472 0 -0.02657609 -0.06923229 0.9972463 0 -0.6200641 0.04070275 -0.1901233 1  
																								<Children>: 1
																									<Frame>: 33 0 Bip001_L_Finger11
																									<ParentIndex>:11
																										<Transform>: -0.167332 0 -3.875732E-07 27.10812 353.0195 340.019 0.9999999 0.9999998 1 0.2406483 -0.017703 -0.1542893 0.9581074  
																										<TransformMatrix>: 0.9517627 -0.3041719 -0.04033618 0 0.2871311 0.8365662 0.4665966 0 -0.1081817 -0.4556711 0.88355 0 -0.167332 0 -3.875732E-07 1  
																										<Children>: 1
																											<Frame>: 34 0 Bip001_L_Finger12
																											<ParentIndex>:12
																												<Transform>: -0.167332 0 3.875732E-07 330.8806 7.229165 347.4924 1 1 1 -0.256043 0.03332673 -0.08947054 0.9619389  
																												<TransformMatrix>: 0.9817687 -0.1891965 -0.01829993 0 0.1550642 0.852874 -0.498559 0 0.1099332 0.4866319 0.8666626 0 -0.167332 0 3.875732E-07 1  
																												<Children>: 1
																													<Frame>: 35 0 Bip001_L_Finger1Nub
																													<ParentIndex>:13
																														<Transform>: -0.167332 0 0 -8.537735E-07 -4.268868E-07 6.403301E-07 1 1 1 -7.45058E-09 -3.72529E-09 5.587935E-09 1  
																														<TransformMatrix>: 1 1.117587E-08 7.45058E-09 0 -1.117587E-08 1 -1.490116E-08 0 -7.45058E-09 1.490116E-08 1 0 -0.167332 0 0 1  
																														<Children>: 0
																													</Frame>
																											</Frame>
																									</Frame>
																							</Frame>
																							<Frame>: 36 0 Bip001_L_Finger2
																							<ParentIndex>:10
																								<Transform>: -0.6200567 0.04078724 -0.0681222 3.969894 358.4734 358.5844 0.9999999 1 0.9999998 0.03479568 -0.01288435 -0.01188318 0.9992408  
																								<TransformMatrix>: 0.9993855 -0.02464495 0.02492216 0 0.02285167 0.9972961 0.06984472 0 -0.02657609 -0.06923229 0.9972463 0 -0.6200567 0.04078724 -0.0681222 1  
																								<Children>: 1
																									<Frame>: 37 0 Bip001_L_Finger21
																									<ParentIndex>:11
																										<Transform>: -0.1952208 0 3.875732E-07 27.10812 353.0195 340.019 0.9999999 0.9999998 1 0.2406483 -0.017703 -0.1542893 0.9581074  
																										<TransformMatrix>: 0.9517627 -0.3041719 -0.04033618 0 0.2871311 0.8365662 0.4665966 0 -0.1081817 -0.4556711 0.88355 0 -0.1952208 0 3.875732E-07 1  
																										<Children>: 1
																											<Frame>: 38 0 Bip001_L_Finger22
																											<ParentIndex>:12
																												<Transform>: -0.1952204 -3.875732E-07 0 330.8806 7.229165 347.4924 1 1 1 -0.256043 0.03332673 -0.08947054 0.9619389  
																												<TransformMatrix>: 0.9817687 -0.1891965 -0.01829993 0 0.1550642 0.852874 -0.498559 0 0.1099332 0.4866319 0.8666626 0 -0.1952204 -3.875732E-07 0 1  
																												<Children>: 1
																													<Frame>: 39 0 Bip001_L_Finger2Nub
																													<ParentIndex>:13
																														<Transform>: -0.1583378 0 0 -8.537735E-07 -4.268868E-07 6.403301E-07 1 1 1 -7.45058E-09 -3.72529E-09 5.587935E-09 1  
																														<TransformMatrix>: 1 1.117587E-08 7.45058E-09 0 -1.117587E-08 1 -1.490116E-08 0 -7.45058E-09 1.490116E-08 1 0 -0.1583378 0 0 1  
																														<Children>: 0
																													</Frame>
																											</Frame>
																									</Frame>
																							</Frame>
																							<Frame>: 40 0 Bip001_L_Finger3
																							<ParentIndex>:10
																								<Transform>: -0.6200418 0.0408634 0.05875184 3.969894 358.4734 358.5844 0.9999999 1 0.9999998 0.03479568 -0.01288435 -0.01188318 0.9992408  
																								<TransformMatrix>: 0.9993855 -0.02464495 0.02492216 0 0.02285167 0.9972961 0.06984472 0 -0.02657609 -0.06923229 0.9972463 0 -0.6200418 0.0408634 0.05875184 1  
																								<Children>: 1
																									<Frame>: 41 0 Bip001_L_Finger31
																									<ParentIndex>:11
																										<Transform>: -0.167332 0 0 27.10812 353.0195 340.019 0.9999999 0.9999998 1 0.2406483 -0.017703 -0.1542893 0.9581074  
																										<TransformMatrix>: 0.9517627 -0.3041719 -0.04033618 0 0.2871311 0.8365662 0.4665966 0 -0.1081817 -0.4556711 0.88355 0 -0.167332 0 0 1  
																										<Children>: 1
																											<Frame>: 42 0 Bip001_L_Finger32
																											<ParentIndex>:12
																												<Transform>: -0.167332 3.875732E-07 0 330.8806 7.229165 347.4924 1 1 1 -0.256043 0.03332673 -0.08947054 0.9619389  
																												<TransformMatrix>: 0.9817687 -0.1891965 -0.01829993 0 0.1550642 0.852874 -0.498559 0 0.1099332 0.4866319 0.8666626 0 -0.167332 3.875732E-07 0 1  
																												<Children>: 1
																													<Frame>: 43 0 Bip001_L_Finger3Nub
																													<ParentIndex>:13
																														<Transform>: -0.1673324 3.875732E-07 0 -8.537735E-07 -4.268868E-07 6.403301E-07 1 1 1 -7.45058E-09 -3.72529E-09 5.587935E-09 1  
																														<TransformMatrix>: 1 1.117587E-08 7.45058E-09 0 -1.117587E-08 1 -1.490116E-08 0 -7.45058E-09 1.490116E-08 1 0 -0.1673324 3.875732E-07 0 1  
																														<Children>: 0
																													</Frame>
																											</Frame>
																									</Frame>
																							</Frame>
																							<Frame>: 44 0 Bip001_L_Finger4
																							<ParentIndex>:10
																								<Transform>: -0.6200246 0.04093626 0.1871072 3.969894 358.4734 358.5844 0.9999999 1 0.9999998 0.03479568 -0.01288435 -0.01188318 0.9992408  
																								<TransformMatrix>: 0.9993855 -0.02464495 0.02492216 0 0.02285167 0.9972961 0.06984472 0 -0.02657609 -0.06923229 0.9972463 0 -0.6200246 0.04093626 0.1871072 1  
																								<Children>: 1
																									<Frame>: 45 0 Bip001_L_Finger41
																									<ParentIndex>:11
																										<Transform>: -0.1659631 0 -3.875732E-07 27.10812 353.0195 340.019 0.9999999 0.9999998 1 0.2406483 -0.017703 -0.1542893 0.9581074  
																										<TransformMatrix>: 0.9517627 -0.3041719 -0.04033618 0 0.2871311 0.8365662 0.4665966 0 -0.1081817 -0.4556711 0.88355 0 -0.1659631 0 -3.875732E-07 1  
																										<Children>: 1
																											<Frame>: 46 0 Bip001_L_Finger42
																											<ParentIndex>:12
																												<Transform>: -0.1659633 3.875732E-07 0 330.8806 7.229165 347.4924 1 1 1 -0.256043 0.03332673 -0.08947054 0.9619389  
																												<TransformMatrix>: 0.9817687 -0.1891965 -0.01829993 0 0.1550642 0.852874 -0.498559 0 0.1099332 0.4866319 0.8666626 0 -0.1659633 3.875732E-07 0 1  
																												<Children>: 1
																													<Frame>: 47 0 Bip001_L_Finger4Nub
																													<ParentIndex>:13
																														<Transform>: -0.1095149 3.875732E-07 0 -8.537735E-07 -4.268868E-07 6.403301E-07 1 1 1 -7.45058E-09 -3.72529E-09 5.587935E-09 1  
																														<TransformMatrix>: 1 1.117587E-08 7.45058E-09 0 -1.117587E-08 1 -1.490116E-08 0 -7.45058E-09 1.490116E-08 1 0 -0.1095149 3.875732E-07 0 1  
																														<Children>: 0
																													</Frame>
																											</Frame>
																									</Frame>
																							</Frame>
																					</Frame>
																			</Frame>
																	</Frame>
															</Frame>
															<Frame>: 48 0 Bip001_R_Clavicle
															<ParentIndex>:6
																<Transform>: 0.3428496 0.0005170712 -0.2638592 359.9543 90.75642 179.9996 1 1 1 0.711759 0.0002827827 0.7024238 -0.0002810298  
																<TransformMatrix>: 0.01320159 7.742085E-06 0.999913 0 0.0007973503 -1 -2.784538E-06 0 0.9999126 0.0007973175 -0.01320183 0 0.3428496 0.0005170712 -0.2638592 1  
																<Children>: 1
																	<Frame>: 49 0 Bip001_R_UpperArm
																	<ParentIndex>:7
																		<Transform>: -0.994701 0 0 318.5367 63.51112 17.88759 1 1 1 -0.2208171 0.5330283 0.3076723 0.7566098  
																		<TransformMatrix>: 0.2424372 0.2301722 -0.9424676 0 -0.7009795 0.7131553 -0.006148727 0 0.6707104 0.662141 0.3342414 0 -0.994701 0 0 1  
																		<Children>: 1
																			<Frame>: 50 0 Bip001_R_Forearm
																			<ParentIndex>:8
																				<Transform>: -1.22199 0 0 -1.467708E-06 -4.635239E-07 73.83682 1 1 1 -1.266977E-08 4.459622E-09 0.6006772 0.7994917  
																				<TransformMatrix>: 0.2783739 0.960473 -2.235174E-08 0 -0.960473 0.2783739 -1.490116E-08 0 -8.090018E-09 2.561633E-08 1 0 -1.22199 0 0 1  
																				<Children>: 1
																					<Frame>: 51 0 Bip001_R_Hand
																					<ParentIndex>:9
																						<Transform>: -1.78249 0 0 48.12404 120.8493 77.92132 1 1 1 0.6558205 0.4909641 0.007650274 0.5734066  
																						<TransformMatrix>: 0.5177914 0.6527421 -0.5530097 0 0.6351953 0.1396818 0.7596158 0 0.5730786 -0.7445917 -0.3422927 0 -1.78249 0 0 1  
																						<Children>: 5
																							<Frame>: 52 0 Bip001_R_Finger0
																							<ParentIndex>:10
																								<Transform>: -0.3274919 0.06120983 0.2139431 301.7689 103.4607 333.5385 1 0.9999999 0.9999999 -0.4503499 0.5987179 0.2480268 0.6141698  
																								<TransformMatrix>: 0.1600391 -0.2346041 -0.9588266 0 -0.8439261 0.4713353 -0.2561864 0 0.5120312 0.8501787 -0.1225564 0 -0.3274919 0.06120983 0.2139431 1  
																								<Children>: 1
																									<Frame>: 53 0 Bip001_R_Finger01
																									<ParentIndex>:11
																										<Transform>: -0.1272907 0 0 33.50962 55.17069 323.9065 1 1 0.9999999 0.1055704 0.5007507 -0.3898449 0.7655877  
																										<TransformMatrix>: 0.1945395 -0.491192 -0.8490495 0 0.7026498 0.6737517 -0.2287834 0 0.684425 -0.5520769 0.4762072 0 -0.1272907 0 0 1  
																										<Children>: 1
																											<Frame>: 54 0 Bip001_R_Finger02
																											<ParentIndex>:12
																												<Transform>: -0.1440338 -3.875732E-07 0 33.50962 55.17069 323.9065 1 1 1 0.1055704 0.5007507 -0.3898449 0.7655877  
																												<TransformMatrix>: 0.1945395 -0.4911921 -0.8490496 0 0.7026499 0.6737518 -0.2287834 0 0.6844251 -0.5520771 0.4762073 0 -0.1440338 -3.875732E-07 0 1  
																												<Children>: 1
																													<Frame>: 55 0 Bip001_R_Finger0Nub
																													<ParentIndex>:13
																														<Transform>: -0.1272907 0 0 2.134434E-06 -4.268868E-07 180 -1 -1 -1 -3.72529E-09 -1.862645E-08 1 7.450581E-09  
																														<TransformMatrix>: 1 -1.490116E-08 7.45058E-09 0 1.490116E-08 1 3.72529E-08 0 7.450581E-09 3.72529E-08 -1 0 -0.1272907 0 0 1  
																														<Children>: 0
																													</Frame>
																											</Frame>
																									</Frame>
																							</Frame>
																							<Frame>: 56 0 Bip001_R_Finger1
																							<ParentIndex>:10
																								<Transform>: -0.6200641 0.04070236 0.1901233 0.58361 359.389 286.429 1 1 1 0.007271662 -0.001220544 -0.5987828 0.8008775  
																								<TransformMatrix>: 0.2829152 -0.9591212 -0.006753281 0 0.9590856 0.2828125 0.0131091 0 -0.0106633 -0.01018574 0.9998913 0 -0.6200641 0.04070236 0.1901233 1  
																								<Children>: 1
																									<Frame>: 57 0 Bip001_R_Finger11
																									<ParentIndex>:11
																										<Transform>: -0.1673319 0 -3.875732E-07 0.5365781 359.3878 272.9286 1 1 1 0.007074609 -0.0006478746 -0.6887711 0.7249441  
																										<TransformMatrix>: 0.05118782 -0.9986504 -0.008806229 0 0.9986319 0.05108857 0.01114987 0 -0.01068492 -0.009364919 0.9998992 0 -0.1673319 0 -3.875732E-07 1  
																										<Children>: 1
																											<Frame>: 58 0 Bip001_R_Finger12
																											<ParentIndex>:12
																												<Transform>: -0.1673321 -1.937866E-07 0 0.6635991 359.5284 272.9287 0.9999999 0.9999999 0.9999999 0.007032702 0.001005485 -0.6887711 0.7249442  
																												<TransformMatrix>: 0.0511868 -0.9986269 -0.01114568 0 0.9986552 0.05108988 0.008811533 0 -0.008230002 -0.01158173 0.999899 0 -0.1673321 -1.937866E-07 0 1  
																												<Children>: 1
																													<Frame>: 59 0 Bip001_R_Finger1Nub
																													<ParentIndex>:13
																														<Transform>: -0.167332 0 3.875732E-07 8.537738E-07 -2.134434E-07 180 -1 -1 -1 -1.862645E-09 -7.450581E-09 1 -1.234002E-08  
																														<TransformMatrix>: 1 2.468005E-08 3.72529E-09 0 -2.468005E-08 1 1.490116E-08 0 3.72529E-09 1.490116E-08 -1 0 -0.167332 0 3.875732E-07 1  
																														<Children>: 0
																													</Frame>
																											</Frame>
																									</Frame>
																							</Frame>
																							<Frame>: 60 0 Bip001_R_Finger2
																							<ParentIndex>:10
																								<Transform>: -0.6200567 0.04078743 0.06812181 0.58361 359.389 286.429 1 1 1 0.007271662 -0.001220544 -0.5987828 0.8008775  
																								<TransformMatrix>: 0.2829152 -0.9591212 -0.006753281 0 0.9590856 0.2828125 0.0131091 0 -0.0106633 -0.01018574 0.9998913 0 -0.6200567 0.04078743 0.06812181 1  
																								<Children>: 1
																									<Frame>: 61 0 Bip001_R_Finger21
																									<ParentIndex>:11
																										<Transform>: -0.1952207 0 0 0.5365781 359.3878 272.9286 1 1 1 0.007074609 -0.0006478746 -0.6887711 0.7249441  
																										<TransformMatrix>: 0.05118782 -0.9986504 -0.008806229 0 0.9986319 0.05108857 0.01114987 0 -0.01068492 -0.009364919 0.9998992 0 -0.1952207 0 0 1  
																										<Children>: 1
																											<Frame>: 62 0 Bip001_R_Finger22
																											<ParentIndex>:12
																												<Transform>: -0.1952207 -9.689331E-08 0 0.6635991 359.5284 272.9287 0.9999999 0.9999999 0.9999999 0.007032702 0.001005485 -0.6887711 0.7249442  
																												<TransformMatrix>: 0.0511868 -0.9986269 -0.01114568 0 0.9986552 0.05108988 0.008811533 0 -0.008230002 -0.01158173 0.999899 0 -0.1952207 -9.689331E-08 0 1  
																												<Children>: 1
																													<Frame>: 63 0 Bip001_R_Finger2Nub
																													<ParentIndex>:13
																														<Transform>: -0.1583378 0 0 8.537738E-07 -2.134434E-07 180 -1 -1 -1 -1.862645E-09 -7.450581E-09 1 -1.234002E-08  
																														<TransformMatrix>: 1 2.468005E-08 3.72529E-09 0 -2.468005E-08 1 1.490116E-08 0 3.72529E-09 1.490116E-08 -1 0 -0.1583378 0 0 1  
																														<Children>: 0
																													</Frame>
																											</Frame>
																									</Frame>
																							</Frame>
																							<Frame>: 64 0 Bip001_R_Finger3
																							<ParentIndex>:10
																								<Transform>: -0.6200418 0.0408632 -0.05875184 0.58361 359.389 286.429 1 1 1 0.007271662 -0.001220544 -0.5987828 0.8008775  
																								<TransformMatrix>: 0.2829152 -0.9591212 -0.006753281 0 0.9590856 0.2828125 0.0131091 0 -0.0106633 -0.01018574 0.9998913 0 -0.6200418 0.0408632 -0.05875184 1  
																								<Children>: 1
																									<Frame>: 65 0 Bip001_R_Finger31
																									<ParentIndex>:11
																										<Transform>: -0.1673319 -1.937866E-07 0 0.5365781 359.3878 272.9286 1 1 1 0.007074609 -0.0006478746 -0.6887711 0.7249441  
																										<TransformMatrix>: 0.05118782 -0.9986504 -0.008806229 0 0.9986319 0.05108857 0.01114987 0 -0.01068492 -0.009364919 0.9998992 0 -0.1673319 -1.937866E-07 0 1  
																										<Children>: 1
																											<Frame>: 66 0 Bip001_R_Finger32
																											<ParentIndex>:12
																												<Transform>: -0.1673321 -9.689331E-08 -3.875732E-07 0.6635991 359.5284 272.9287 0.9999999 0.9999999 0.9999999 0.007032702 0.001005485 -0.6887711 0.7249442  
																												<TransformMatrix>: 0.0511868 -0.9986269 -0.01114568 0 0.9986552 0.05108988 0.008811533 0 -0.008230002 -0.01158173 0.999899 0 -0.1673321 -9.689331E-08 -3.875732E-07 1  
																												<Children>: 1
																													<Frame>: 67 0 Bip001_R_Finger3Nub
																													<ParentIndex>:13
																														<Transform>: -0.167332 9.689331E-08 -3.875732E-07 8.537738E-07 -2.134434E-07 180 -1 -1 -1 -1.862645E-09 -7.450581E-09 1 -1.234002E-08  
																														<TransformMatrix>: 1 2.468005E-08 3.72529E-09 0 -2.468005E-08 1 1.490116E-08 0 3.72529E-09 1.490116E-08 -1 0 -0.167332 9.689331E-08 -3.875732E-07 1  
																														<Children>: 0
																													</Frame>
																											</Frame>
																									</Frame>
																							</Frame>
																							<Frame>: 68 0 Bip001_R_Finger4
																							<ParentIndex>:10
																								<Transform>: -0.6200246 0.04093626 -0.1871072 0.58361 359.389 286.429 1 1 1 0.007271662 -0.001220544 -0.5987828 0.8008775  
																								<TransformMatrix>: 0.2829152 -0.9591212 -0.006753281 0 0.9590856 0.2828125 0.0131091 0 -0.0106633 -0.01018574 0.9998913 0 -0.6200246 0.04093626 -0.1871072 1  
																								<Children>: 1
																									<Frame>: 69 0 Bip001_R_Finger41
																									<ParentIndex>:11
																										<Transform>: -0.1659633 0 0 0.5365781 359.3878 272.9286 1 1 1 0.007074609 -0.0006478746 -0.6887711 0.7249441  
																										<TransformMatrix>: 0.05118782 -0.9986504 -0.008806229 0 0.9986319 0.05108857 0.01114987 0 -0.01068492 -0.009364919 0.9998992 0 -0.1659633 0 0 1  
																										<Children>: 1
																											<Frame>: 70 0 Bip001_R_Finger42
																											<ParentIndex>:12
																												<Transform>: -0.1659632 0 0 0.6635991 359.5284 272.9287 0.9999999 0.9999999 0.9999999 0.007032702 0.001005485 -0.6887711 0.7249442  
																												<TransformMatrix>: 0.0511868 -0.9986269 -0.01114568 0 0.9986552 0.05108988 0.008811533 0 -0.008230002 -0.01158173 0.999899 0 -0.1659632 0 0 1  
																												<Children>: 1
																													<Frame>: 71 0 Bip001_R_Finger4Nub
																													<ParentIndex>:13
																														<Transform>: -0.1095147 0 0 8.537738E-07 -2.134434E-07 180 -1 -1 -1 -1.862645E-09 -7.450581E-09 1 -1.234002E-08  
																														<TransformMatrix>: 1 2.468005E-08 3.72529E-09 0 -2.468005E-08 1 1.490116E-08 0 3.72529E-09 1.490116E-08 -1 0 -0.1095147 0 0 1  
																														<Children>: 0
																													</Frame>
																											</Frame>
																									</Frame>
																							</Frame>
																					</Frame>
																			</Frame>
																	</Frame>
															</Frame>
													</Frame>
											</Frame>
									</Frame>
							</Frame>
					</Frame>
			</Frame>
			<Frame>: 72 0 SMG02
			<ParentIndex>:0
				<Transform>: -0.5431064 4.60941 1.760649 281.1689 116.3026 348.2597 2.54 2.54 2.54 -0.4004042 0.6185405 0.4948245 0.4606873  
				<TransformMatrix>: -0.6474138 -0.100111 -2.454065 0 -2.416178 0.481712 0.6177678 0 0.4410658 2.491893 -0.218013 0 -0.5431064 4.60941 1.760649 1  
				<SkinningInfo>: SMG02
					<BonesPerVertex>: 4
					<Bounds>: -1.210296 0.2969164 0.274882 1.4672 0.5177068 0.8910836
					<BoneNames>: 1 Bip001_R_Hand  
					<BoneOffsets>: 1 0.01885008 2.539859 0.018957 0 -2.539452 0.01921366 -0.049099 0 -0.04923966 -0.01858854 2.539454 0 -1.306648 0.1619309 -0.4472098 1  
