<Hierarchy>:
	<Frame>: 0 0 SMG02_WShoot
	<ParentIndex>:-1
		<Transform>: -0.8798459 -4.36 -19.27 0 0 0 1 1 1 0 0 0 1  
		<TransformMatrix>: 1 0 0 0 0 1 0 0 0 0 1 0 -0.8798459 -4.36 -19.27 1  
		<Children>: 2
			<Frame>: 1 0 Bip001
			<ParentIndex>:0
				<Transform>: -4.586121E-37 4.482873 3.124236E-10 270 89.99992 0 0.9999999 0.9999999 0.9999999 -0.5000004 0.4999997 0.4999997 0.5000004  
				<TransformMatrix>: 1.311302E-06 0 -0.9999999 0 -0.9999999 0 -1.370907E-06 0 0 0.9999999 0 0 -4.586121E-37 4.482873 3.124236E-10 1  
				<Children>: 2
					<Frame>: 2 0 Bip001_Footsteps
					<ParentIndex>:1
						<Transform>: 0 0 -4.481405 0 0 270.0001 1 1 1 0 0 -0.7071063 0.7071072  
						<TransformMatrix>: 1.370907E-06 -0.9999999 0 0 0.9999999 1.370907E-06 0 0 0 0 1 0 0 0 -4.481405 1  
						<Children>: 0
					</Frame>
					<Frame>: 3 0 Bip001_Pelvis
					<ParentIndex>:1
						<Transform>: 0 0 0 273.8612 269.9999 180 1 0.9999999 0.9999999 0.516561 -0.4828714 -0.5165602 -0.4828722  
						<TransformMatrix>: 1.549721E-06 0 -1 0 -0.9977301 -0.06733941 -1.609325E-06 0 -0.06733941 0.9977301 -1.192093E-07 0 0 0 0 1  
						<Children>: 1
							<Frame>: 4 0 Bip001_Spine
							<ParentIndex>:2
								<Transform>: -0.4978425 -0.0005596166 -5.331293E-05 5.517701 0.001407281 359.9542 1 1 1 0.04813242 3.151233E-05 -0.0003999771 0.9988409  
								<TransformMatrix>: 0.9999997 -0.0007959934 -0.0001014553 0 0.0008020605 0.9953662 0.09615323 0 2.444789E-05 -0.09615327 0.9953665 0 -0.4978425 -0.0005596166 -5.331293E-05 1  
								<Children>: 3
									<Frame>: 5 0 Bip001_L_Thigh
									<ParentIndex>:3
										<Transform>: 0.497775 0.06499024 0.6628181 0.6213576 177.054 352.6725 1 1 1 -0.06373999 0.9976208 -0.007052067 0.02530635  
										<TransformMatrix>: -0.9905938 -0.1275336 -0.04959328 0 -0.1268197 0.991775 -0.01729663 0 0.05139128 -0.01084452 -0.99862 0 0.497775 0.06499024 0.6628181 1  
										<Children>: 1
											<Frame>: 6 0 Bip001_L_Calf
											<ParentIndex>:4
												<Transform>: -1.71332 0 0 -7.348197E-08 -1.119756E-06 14.24962 1 0.9999999 1 -1.848297E-09 -9.616729E-09 0.1240311 0.9922783  
												<TransformMatrix>: 0.9692327 0.2461468 1.862645E-08 0 -0.2461468 0.9692325 -6.053596E-09 0 -1.954344E-08 1.282502E-09 1 0 -1.71332 0 0 1  
												<Children>: 1
													<Frame>: 7 0 Bip001_L_Foot
													<ParentIndex>:5
														<Transform>: -2.202253 3.633499E-08 -9.689331E-08 353.4427 3.773707 352.9629 1 1 1 -0.05907108 0.02930192 -0.05935815 0.9960566  
														<TransformMatrix>: 0.991236 -0.12171 -0.05136005 0 0.1147864 0.9859744 -0.1211549 0 0.06538545 0.1141977 0.991304 0 -2.202253 3.633499E-08 -9.689331E-08 1  
														<Children>: 1
															<Frame>: 8 0 Bip001_L_Toe0
															<ParentIndex>:6
																<Transform>: -0.6010727 0.656651 -9.689331E-08 -2.134435E-05 -1.597752E-05 270 1 1 1 -3.31169E-08 -2.303009E-07 -0.7071068 0.7071067  
																<TransformMatrix>: -1.192093E-07 -0.9999999 3.725291E-07 0 0.9999999 -1.192093E-07 2.788604E-07 0 -2.788603E-07 3.725291E-07 1 0 -0.6010727 0.656651 -9.689331E-08 1  
																<Children>: 1
																	<Frame>: 9 0 Bip001_L_Toe01
																	<ParentIndex>:7
																		<Transform>: -0.07840084 -9.462237E-11 -9.689331E-08 1.017778E-13 1.106898E-13 0 1 1 1 8.881784E-16 9.659509E-16 -8.579367E-31 1  
																		<TransformMatrix>: 1 0 -1.931902E-15 0 3.431747E-30 1 1.776357E-15 0 1.931902E-15 -1.776357E-15 1 0 -0.07840084 -9.462237E-11 -9.689331E-08 1  
																		<Children>: 1
																			<Frame>: 10 0 Bip001_L_Toe02
																			<ParentIndex>:8
																				<Transform>: -0.07840084 9.462237E-11 9.689331E-08 1.017778E-13 1.106898E-13 0 1 1 1 8.881784E-16 9.659509E-16 -8.579367E-31 1  
																				<TransformMatrix>: 1 0 -1.931902E-15 0 3.431747E-30 1 1.776357E-15 0 1.931902E-15 -1.776357E-15 1 0 -0.07840084 9.462237E-11 9.689331E-08 1  
																				<Children>: 1
																					<Frame>: 11 0 Bip001_L_Toe0Nub
																					<ParentIndex>:9
																						<Transform>: -0.07840084 0 0 1.017778E-13 1.106898E-13 180 -1 -1 -1 9.659509E-16 -8.881784E-16 1 6.123234E-17  
																						<TransformMatrix>: 1 -1.224647E-16 -1.931902E-15 0 1.224647E-16 1 1.776357E-15 0 -1.931902E-15 1.776357E-15 -1 0 -0.07840084 0 0 1  
																						<Children>: 0
																					</Frame>
																			</Frame>
																	</Frame>
															</Frame>
													</Frame>
											</Frame>
									</Frame>
									<Frame>: 12 0 Bip001_R_Thigh
									<ParentIndex>:3
										<Transform>: 0.4979084 -0.06306696 -0.6627952 3.106912 182.105 318.2002 1 1 1 -0.3570104 0.9335265 -0.01877131 -0.02682311  
										<TransformMatrix>: -0.7436483 -0.6655504 0.06348327 0 -0.6675644 0.7443824 -0.01589477 0 -0.03667706 -0.05419929 -0.9978565 0 0.4979084 -0.06306696 -0.6627952 1  
										<Children>: 1
											<Frame>: 13 0 Bip001_R_Calf
											<ParentIndex>:4
												<Transform>: -1.713319 0 -9.689331E-08 -1.051128E-07 4.272859E-07 89.78416 0.9999999 0.9999998 0.9999999 1.981833E-09 3.288996E-09 0.7057736 0.7084374  
												<TransformMatrix>: 0.003767252 0.9999928 -1.862645E-09 0 -0.9999927 0.003767251 7.45058E-09 0 7.457545E-09 1.834564E-09 0.9999999 0 -1.713319 0 -9.689331E-08 1  
												<Children>: 1
													<Frame>: 14 0 Bip001_R_Foot
													<ParentIndex>:5
														<Transform>: -2.202253 9.689331E-08 0 4.392668 0.6700209 8.208348 1 1 1 0.0386431 0.003084927 0.0712928 0.9967018  
														<TransformMatrix>: 0.9898158 0.1423538 -0.0006395537 0 -0.1418769 0.9868481 0.07747117 0 0.01165945 -0.07659144 0.9969944 0 -2.202253 9.689331E-08 0 1  
														<Children>: 1
															<Frame>: 15 0 Bip001_R_Toe0
															<ParentIndex>:6
																<Transform>: -0.6010729 0.6566512 0 356.9308 354.1778 214.3315 1 1 1 -0.04061259 0.04053839 0.9542812 -0.2933508  
																<TransformMatrix>: -0.8245922 -0.5631711 -0.05372774 0 0.5565857 -0.8246042 0.1011975 0 -0.1012956 0.05354258 0.9934146 0 -0.6010729 0.6566512 0 1  
																<Children>: 1
																	<Frame>: 16 0 Bip001_R_Toe01
																	<ParentIndex>:7
																		<Transform>: -0.07840088 0 -9.689331E-08 -2.442666E-12 5.512747E-09 0 1 1 1 -2.131628E-14 4.81078E-11 1.025479E-24 1  
																		<TransformMatrix>: 1 0 -9.62156E-11 0 -4.101917E-24 1 -4.263256E-14 0 9.621559E-11 4.263256E-14 1 0 -0.07840088 0 -9.689331E-08 1  
																		<Children>: 1
																			<Frame>: 17 0 Bip001_R_Toe02
																			<ParentIndex>:8
																				<Transform>: -0.07840078 0 9.689331E-08 -2.442666E-12 5.512747E-09 0 1 1 1 -2.131628E-14 4.81078E-11 1.025479E-24 1  
																				<TransformMatrix>: 1 0 -9.62156E-11 0 -4.101917E-24 1 -4.263256E-14 0 9.621559E-11 4.263256E-14 1 0 -0.07840078 0 9.689331E-08 1  
																				<Children>: 1
																					<Frame>: 18 0 Bip001_R_Toe0Nub
																					<ParentIndex>:9
																						<Transform>: -0.07840086 0 0 -2.442666E-12 5.512747E-09 0 1 1 1 -2.131628E-14 4.810779E-11 1.025479E-24 1  
																						<TransformMatrix>: 1 0 -9.621558E-11 0 -4.101917E-24 1 -4.263256E-14 0 9.621558E-11 4.263256E-14 1 0 -0.07840086 0 0 1  
																						<Children>: 0
																					</Frame>
																			</Frame>
																	</Frame>
															</Frame>
													</Frame>
											</Frame>
									</Frame>
									<Frame>: 19 0 Bip001_Spine1
									<ParentIndex>:3
										<Transform>: -0.7060387 -0.0005622007 -1.573097E-09 -1.259551E-08 -1.042204E-10 0 1 1 1 -1.099165E-10 -9.094947E-13 -9.996849E-23 1  
										<TransformMatrix>: 1 0 1.818989E-12 0 3.99874E-22 1 -2.19833E-10 0 -1.81899E-12 2.198331E-10 1 0 -0.7060387 -0.0005622007 -1.573097E-09 1  
										<Children>: 1
											<Frame>: 20 0 Bip001_Spine2
											<ParentIndex>:4
												<Transform>: -0.7060387 -0.0005585013 -6.438907E-05 6.576378 0.01051974 0.0006044334 1 1 1 0.05735822 9.134838E-05 3.901203E-10 0.9983537  
												<TransformMatrix>: 1 1.047994E-05 -0.0001823959 0 1.047838E-05 0.9934202 0.1145276 0 0.000182396 -0.1145276 0.9934202 0 -0.7060387 -0.0005585013 -6.438907E-05 1  
												<Children>: 1
													<Frame>: 21 0 Bip001_Neck
													<ParentIndex>:5
														<Transform>: -0.5931386 -0.0001533655 -4.258007E-10 9.902267E-07 1.250645E-09 3.335054E-09 0.9999999 0.9999999 0.9999999 8.641358E-09 1.091394E-11 2.910383E-11 1  
														<TransformMatrix>: 0.9999999 5.820766E-11 -2.182787E-11 0 -5.820766E-11 0.9999999 1.728271E-08 0 2.182787E-11 -1.728271E-08 0.9999999 0 -0.5931386 -0.0001533655 -4.258007E-10 1  
														<Children>: 3
															<Frame>: 22 0 Bip001_Head
															<ParentIndex>:6
																<Transform>: -0.2933666 9.659052E-06 0 351.767 359.9868 0.04698207 0.9999999 0.9999999 1 -0.07178511 -8.553101E-05 0.0004006642 0.99742  
																<TransformMatrix>: 0.9999996 0.0008115407 0.0001130972 0 -0.0007869813 0.9896934 -0.1431999 0 -0.0002281441 0.1431997 0.9896938 0 -0.2933666 9.659052E-06 0 1  
																<Children>: 1
																	<Frame>: 23 0 Bip001_HeadNub
																	<ParentIndex>:7
																		<Transform>: -1.008106 0 0 -4.718268E-18 -3.882513E-19 0 1 1 1 -4.117466E-20 -3.388132E-21 -1.395049E-40 1  
																		<TransformMatrix>: 1 0 6.776264E-21 0 5.580195E-40 1 -8.234931E-20 0 -6.776264E-21 8.234931E-20 1 0 -1.008106 0 0 1  
																		<Children>: 0
																	</Frame>
															</Frame>
															<Frame>: 24 0 Bip001_L_Clavicle
															<ParentIndex>:6
																<Transform>: 0.3428488 0.0005155129 0.2638592 0.04562367 269.2436 179.9992 0.9999999 0.9999999 0.9999999 0.711759 0.0002843979 -0.7024238 0.0002787092  
																<TransformMatrix>: 0.01320159 1.33015E-05 -0.9999129 0 0.0007963893 -0.9999999 -2.78803E-06 0 -0.9999125 -0.0007962831 -0.01320183 0 0.3428488 0.0005155129 0.2638592 1  
																<Children>: 1
																	<Frame>: 25 0 Bip001_L_UpperArm
																	<ParentIndex>:7
																		<Transform>: -0.9947009 -3.826292E-09 0 60.49891 333.4323 84.20033 0.9999999 1 1 0.2307068 -0.4759766 0.6495335 0.5461932  
																		<TransformMatrix>: -0.2968948 0.4899195 0.8196537 0 -0.9291636 0.04976136 -0.3663045 0 -0.2202467 -0.8703463 0.4404414 0 -0.9947009 -3.826292E-09 0 1  
																		<Children>: 1
																			<Frame>: 26 0 Bip001_L_Forearm
																			<ParentIndex>:8
																				<Transform>: -1.22199 0 -1.937866E-07 -1.255917E-06 4.422852E-06 37.65388 1 1 1 2.082003E-09 4.006855E-08 0.3227108 0.9464977  
																				<TransformMatrix>: 0.7917157 0.6108901 -7.450581E-08 0 -0.61089 0.7917157 2.980233E-08 0 7.719335E-08 2.191988E-08 1 0 -1.22199 0 -1.937866E-07 1  
																				<Children>: 1
																					<Frame>: 27 0 Bip001_L_Hand
																					<ParentIndex>:9
																						<Transform>: -1.782491 3.875732E-07 1.937866E-07 28.19584 180.7448 159.2654 1 1 1 0.9537418 0.1760916 -0.0500342 0.2384637  
																						<TransformMatrix>: 0.9329767 0.3120291 -0.1794223 0 0.3597545 -0.8242539 0.4372444 0 -0.01145652 -0.4724869 -0.8812637 0 -1.782491 3.875732E-07 1.937866E-07 1  
																						<Children>: 5
																							<Frame>: 28 0 Bip001_L_Finger0
																							<ParentIndex>:10
																								<Transform>: -0.3274921 0.06120983 -0.2139436 58.79454 246.8851 359.3736 1 1 1 -0.2744843 0.7255046 -0.4069639 -0.4823711  
																								<TransformMatrix>: -0.3839532 -0.005664021 0.9233354 0 -0.7908944 0.5180776 -0.3257018 0 -0.4765146 -0.8553149 -0.2033973 0 -0.3274921 0.06120983 -0.2139436 1  
																								<Children>: 1
																									<Frame>: 29 0 Bip001_L_Finger01
																									<ParentIndex>:11
																										<Transform>: -0.1272907 0 3.875732E-07 346.4215 316.0405 310.9682 0.9999999 1 1 0.05447444 -0.383637 -0.4223453 0.8194386  
																										<TransformMatrix>: 0.3488942 -0.7339689 0.5827198 0 0.6503753 0.637314 0.4133315 0 -0.6747481 0.2347777 0.6997104 0 -0.1272907 0 3.875732E-07 1  
																										<Children>: 1
																											<Frame>: 30 0 Bip001_L_Finger02
																											<ParentIndex>:12
																												<Transform>: -0.1440331 -4.844665E-08 -9.689331E-08 359.5388 333.8999 317.4413 0.9999999 0.9999999 0.9999999 0.07829262 -0.2118287 -0.3543864 0.907419  
																												<TransformMatrix>: 0.6590777 -0.676323 0.3289431 0 0.6099845 0.7365611 0.2922268 0 -0.4399264 0.008049994 0.8979977 0 -0.1440331 -4.844665E-08 -9.689331E-08 1  
																												<Children>: 1
																													<Frame>: 31 0 Bip001_L_Finger0Nub
																													<ParentIndex>:13
																														<Transform>: -0.1272907 0 9.689331E-08 -1.067217E-06 -3.201651E-07 1.895758E-22 1 1 1 -9.313227E-09 -2.793968E-09 -2.602085E-17 1  
																														<TransformMatrix>: 1 3.308722E-24 5.587935E-09 0 1.040834E-16 1 -1.862645E-08 0 -5.587935E-09 1.862645E-08 1 0 -0.1272907 0 9.689331E-08 1  
																														<Children>: 0
																													</Frame>
																											</Frame>
																									</Frame>
																							</Frame>
																							<Frame>: 32 0 Bip001_L_Finger1
																							<ParentIndex>:10
																								<Transform>: -0.620064 0.04070217 -0.1901232 3.969895 358.4734 358.5844 1 1 1 0.03479568 -0.01288434 -0.01188319 0.9992408  
																								<TransformMatrix>: 0.9993856 -0.02464498 0.02492215 0 0.0228517 0.9972961 0.06984473 0 -0.02657609 -0.06923231 0.9972465 0 -0.620064 0.04070217 -0.1901232 1  
																								<Children>: 1
																									<Frame>: 33 0 Bip001_L_Finger11
																									<ParentIndex>:11
																										<Transform>: -0.1673322 -3.875732E-07 0 27.10812 353.0195 340.019 1 0.9999999 1 0.2406483 -0.01770301 -0.1542893 0.9581074  
																										<TransformMatrix>: 0.9517629 -0.3041719 -0.04033616 0 0.287131 0.8365663 0.4665966 0 -0.1081817 -0.4556712 0.8835501 0 -0.1673322 -3.875732E-07 0 1  
																										<Children>: 1
																											<Frame>: 34 0 Bip001_L_Finger12
																											<ParentIndex>:12
																												<Transform>: -0.167332 3.875732E-07 0 359.3364 0.4715806 272.9287 1 1 0.9999998 -0.007032675 -0.001005468 -0.6887711 0.7249442  
																												<TransformMatrix>: 0.0511868 -0.998627 0.01114562 0 0.9986554 0.05108989 -0.00881152 0 0.008229988 0.01158167 0.9998989 0 -0.167332 3.875732E-07 0 1  
																												<Children>: 1
																													<Frame>: 35 0 Bip001_L_Finger1Nub
																													<ParentIndex>:13
																														<Transform>: -0.1673318 -1.937866E-07 3.875732E-07 -8.537737E-07 1.272222E-14 -8.537737E-07 1 1 1 -7.450581E-09 5.551115E-17 -7.450581E-09 1  
																														<TransformMatrix>: 1 -1.490116E-08 0 0 1.490116E-08 1 -1.490116E-08 0 2.220446E-16 1.490116E-08 1 0 -0.1673318 -1.937866E-07 3.875732E-07 1  
																														<Children>: 0
																													</Frame>
																											</Frame>
																									</Frame>
																							</Frame>
																							<Frame>: 36 0 Bip001_L_Finger2
																							<ParentIndex>:10
																								<Transform>: -0.6200567 0.04078743 -0.0681221 3.969895 358.4734 358.5844 1 1 1 0.03479568 -0.01288434 -0.01188319 0.9992408  
																								<TransformMatrix>: 0.9993856 -0.02464498 0.02492215 0 0.0228517 0.9972961 0.06984473 0 -0.02657609 -0.06923231 0.9972465 0 -0.6200567 0.04078743 -0.0681221 1  
																								<Children>: 1
																									<Frame>: 37 0 Bip001_L_Finger21
																									<ParentIndex>:11
																										<Transform>: -0.1952206 0 0 27.10812 353.0195 340.019 1 0.9999999 1 0.2406483 -0.01770301 -0.1542893 0.9581074  
																										<TransformMatrix>: 0.9517629 -0.3041719 -0.04033616 0 0.287131 0.8365663 0.4665966 0 -0.1081817 -0.4556712 0.8835501 0 -0.1952206 0 0 1  
																										<Children>: 1
																											<Frame>: 38 0 Bip001_L_Finger22
																											<ParentIndex>:12
																												<Transform>: -0.195221 0 0 359.3364 0.4715806 272.9287 1 1 0.9999998 -0.007032675 -0.001005468 -0.6887711 0.7249442  
																												<TransformMatrix>: 0.0511868 -0.998627 0.01114562 0 0.9986554 0.05108989 -0.00881152 0 0.008229988 0.01158167 0.9998989 0 -0.195221 0 0 1  
																												<Children>: 1
																													<Frame>: 39 0 Bip001_L_Finger2Nub
																													<ParentIndex>:13
																														<Transform>: -0.1583376 3.875732E-07 0 -8.537737E-07 1.272222E-14 -8.537737E-07 1 1 1 -7.450581E-09 5.551115E-17 -7.450581E-09 1  
																														<TransformMatrix>: 1 -1.490116E-08 0 0 1.490116E-08 1 -1.490116E-08 0 2.220446E-16 1.490116E-08 1 0 -0.1583376 3.875732E-07 0 1  
																														<Children>: 0
																													</Frame>
																											</Frame>
																									</Frame>
																							</Frame>
																							<Frame>: 40 0 Bip001_L_Finger3
																							<ParentIndex>:10
																								<Transform>: -0.6200418 0.0408634 0.05875174 3.969895 358.4734 358.5844 1 1 1 0.03479568 -0.01288434 -0.01188319 0.9992408  
																								<TransformMatrix>: 0.9993856 -0.02464498 0.02492215 0 0.0228517 0.9972961 0.06984473 0 -0.02657609 -0.06923231 0.9972465 0 -0.6200418 0.0408634 0.05875174 1  
																								<Children>: 1
																									<Frame>: 41 0 Bip001_L_Finger31
																									<ParentIndex>:11
																										<Transform>: -0.1673322 -3.875732E-07 1.937866E-07 27.10812 353.0195 340.019 1 0.9999999 1 0.2406483 -0.01770301 -0.1542893 0.9581074  
																										<TransformMatrix>: 0.9517629 -0.3041719 -0.04033616 0 0.287131 0.8365663 0.4665966 0 -0.1081817 -0.4556712 0.8835501 0 -0.1673322 -3.875732E-07 1.937866E-07 1  
																										<Children>: 1
																											<Frame>: 42 0 Bip001_L_Finger32
																											<ParentIndex>:12
																												<Transform>: -0.1673322 -1.937866E-07 -1.937866E-07 359.3364 0.4715806 272.9287 1 1 0.9999998 -0.007032675 -0.001005468 -0.6887711 0.7249442  
																												<TransformMatrix>: 0.0511868 -0.998627 0.01114562 0 0.9986554 0.05108989 -0.00881152 0 0.008229988 0.01158167 0.9998989 0 -0.1673322 -1.937866E-07 -1.937866E-07 1  
																												<Children>: 1
																													<Frame>: 43 0 Bip001_L_Finger3Nub
																													<ParentIndex>:13
																														<Transform>: -0.167332 0 0 -8.537737E-07 1.272222E-14 -8.537737E-07 1 1 1 -7.450581E-09 5.551115E-17 -7.450581E-09 1  
																														<TransformMatrix>: 1 -1.490116E-08 0 0 1.490116E-08 1 -1.490116E-08 0 2.220446E-16 1.490116E-08 1 0 -0.167332 0 0 1  
																														<Children>: 0
																													</Frame>
																											</Frame>
																									</Frame>
																							</Frame>
																							<Frame>: 44 0 Bip001_L_Finger4
																							<ParentIndex>:10
																								<Transform>: -0.6200247 0.04093587 0.187107 3.969895 358.4734 358.5844 1 1 1 0.03479568 -0.01288434 -0.01188319 0.9992408  
																								<TransformMatrix>: 0.9993856 -0.02464498 0.02492215 0 0.0228517 0.9972961 0.06984473 0 -0.02657609 -0.06923231 0.9972465 0 -0.6200247 0.04093587 0.187107 1  
																								<Children>: 1
																									<Frame>: 45 0 Bip001_L_Finger41
																									<ParentIndex>:11
																										<Transform>: -0.1659633 0 9.689331E-08 27.10812 353.0195 340.019 1 0.9999999 1 0.2406483 -0.01770301 -0.1542893 0.9581074  
																										<TransformMatrix>: 0.9517629 -0.3041719 -0.04033616 0 0.287131 0.8365663 0.4665966 0 -0.1081817 -0.4556712 0.8835501 0 -0.1659633 0 9.689331E-08 1  
																										<Children>: 1
																											<Frame>: 46 0 Bip001_L_Finger42
																											<ParentIndex>:12
																												<Transform>: -0.1659629 -1.937866E-07 1.937866E-07 359.3364 0.4715806 272.9287 1 1 0.9999998 -0.007032675 -0.001005468 -0.6887711 0.7249442  
																												<TransformMatrix>: 0.0511868 -0.998627 0.01114562 0 0.9986554 0.05108989 -0.00881152 0 0.008229988 0.01158167 0.9998989 0 -0.1659629 -1.937866E-07 1.937866E-07 1  
																												<Children>: 1
																													<Frame>: 47 0 Bip001_L_Finger4Nub
																													<ParentIndex>:13
																														<Transform>: -0.1095142 -1.937866E-07 -1.937866E-07 -8.537737E-07 1.272222E-14 -8.537737E-07 1 1 1 -7.450581E-09 5.551115E-17 -7.450581E-09 1  
																														<TransformMatrix>: 1 -1.490116E-08 0 0 1.490116E-08 1 -1.490116E-08 0 2.220446E-16 1.490116E-08 1 0 -0.1095142 -1.937866E-07 -1.937866E-07 1  
																														<Children>: 0
																													</Frame>
																											</Frame>
																									</Frame>
																							</Frame>
																					</Frame>
																			</Frame>
																	</Frame>
															</Frame>
															<Frame>: 48 0 Bip001_R_Clavicle
															<ParentIndex>:6
																<Transform>: 0.3428496 0.0005169784 -0.2638592 359.9543 90.75642 179.9996 0.9999999 0.9999999 0.9999999 0.711759 0.0002826369 0.7024238 -0.0002808885  
																<TransformMatrix>: 0.01320159 7.733265E-06 0.9999129 0 0.0007969441 -0.9999999 -2.78803E-06 0 0.9999125 0.0007969115 -0.01320183 0 0.3428496 0.0005169784 -0.2638592 1  
																<Children>: 1
																	<Frame>: 49 0 Bip001_R_UpperArm
																	<ParentIndex>:7
																		<Transform>: -0.9947009 2.341904E-09 0 353.7816 87.9853 344.1939 1 1 0.9999999 -0.1340105 0.6815912 -0.06145896 0.7167268  
																		<TransformMatrix>: 0.06331241 -0.2707793 -0.9605572 0 -0.09458216 0.9565281 -0.2758776 0 0.9935017 0.108318 0.03494918 0 -0.9947009 2.341904E-09 0 1  
																		<Children>: 1
																			<Frame>: 50 0 Bip001_R_Forearm
																			<ParentIndex>:8
																				<Transform>: -1.22199 1.937866E-07 -9.689331E-08 -8.072531E-07 8.95108E-07 104.3462 1 1 1 1.849581E-09 1.03548E-08 0.7898674 0.6132777  
																				<TransformMatrix>: -0.247781 0.9688161 -9.778888E-09 0 -0.9688161 -0.247781 1.862645E-08 0 1.562258E-08 1.408922E-08 1 0 -1.22199 1.937866E-07 -9.689331E-08 1  
																				<Children>: 1
																					<Frame>: 51 0 Bip001_R_Hand
																					<ParentIndex>:9
																						<Transform>: -1.782491 -3.875732E-07 1.937866E-07 82.09468 154.0613 169.6954 1 1 1 0.7451946 -0.08078434 0.1111057 0.6525447  
																						<TransformMatrix>: 0.9622589 0.02460281 0.2710216 0 -0.265403 -0.1353188 0.9545944 0 0.06016 -0.9904968 -0.123682 0 -1.782491 -3.875732E-07 1.937866E-07 1  
																						<Children>: 5
																							<Frame>: 52 0 Bip001_R_Finger0
																							<ParentIndex>:10
																								<Transform>: -0.327492 0.06120983 0.2139431 301.7689 103.4607 333.5385 1 1 1 -0.4503499 0.5987179 0.2480267 0.6141698  
																								<TransformMatrix>: 0.1600392 -0.2346042 -0.9588267 0 -0.8439261 0.4713354 -0.2561866 0 0.5120313 0.8501786 -0.1225564 0 -0.327492 0.06120983 0.2139431 1  
																								<Children>: 1
																									<Frame>: 53 0 Bip001_R_Finger01
																									<ParentIndex>:11
																										<Transform>: -0.1272903 1.937866E-07 -1.937866E-07 33.50963 55.1707 323.9065 1 1 1 0.1055704 0.5007508 -0.3898449 0.7655877  
																										<TransformMatrix>: 0.1945392 -0.4911921 -0.8490496 0 0.7026499 0.6737517 -0.2287835 0 0.6844252 -0.5520772 0.4762071 0 -0.1272903 1.937866E-07 -1.937866E-07 1  
																										<Children>: 1
																											<Frame>: 54 0 Bip001_R_Finger02
																											<ParentIndex>:12
																												<Transform>: -0.1440339 -3.875732E-07 0 33.50962 55.1707 323.9064 1 1 1 0.1055704 0.5007508 -0.3898449 0.7655877  
																												<TransformMatrix>: 0.1945392 -0.4911921 -0.8490496 0 0.7026499 0.6737517 -0.2287835 0 0.6844252 -0.5520771 0.4762071 0 -0.1440339 -3.875732E-07 0 1  
																												<Children>: 1
																													<Frame>: 55 0 Bip001_R_Finger0Nub
																													<ParentIndex>:13
																														<Transform>: -0.1272907 9.689331E-08 0 -1.045571E-22 -8.537735E-07 180 -1 -1 -1 -7.45058E-09 4.562164E-25 1 6.123234E-17  
																														<TransformMatrix>: 1 -1.224647E-16 1.490116E-08 0 1.224647E-16 1 9.860761E-32 0 1.490116E-08 -1.824866E-24 -1 0 -0.1272907 9.689331E-08 0 1  
																														<Children>: 0
																													</Frame>
																											</Frame>
																									</Frame>
																							</Frame>
																							<Frame>: 56 0 Bip001_R_Finger1
																							<ParentIndex>:10
																								<Transform>: -0.6200641 0.04070246 0.1901233 0.5836086 359.389 286.429 1 1 1 0.00727166 -0.00122056 -0.5987828 0.8008775  
																								<TransformMatrix>: 0.2829152 -0.9591212 -0.006753251 0 0.9590858 0.2828125 0.01310912 0 -0.01066333 -0.01018572 0.9998914 0 -0.6200641 0.04070246 0.1901233 1  
																								<Children>: 1
																									<Frame>: 57 0 Bip001_R_Finger11
																									<ParentIndex>:11
																										<Transform>: -0.1673321 0 0 0.5365779 359.3878 272.9286 1 1 0.9999999 0.007074609 -0.0006478757 -0.6887711 0.7249441  
																										<TransformMatrix>: 0.05118781 -0.9986503 -0.008806225 0 0.998632 0.05108858 0.01114987 0 -0.01068492 -0.009364914 0.999899 0 -0.1673321 0 0 1  
																										<Children>: 1
																											<Frame>: 58 0 Bip001_R_Finger12
																											<ParentIndex>:12
																												<Transform>: -0.1673318 -4.844665E-08 -3.875732E-07 0.6635988 359.5284 272.9287 1 1 0.9999999 0.007032697 0.001005486 -0.6887711 0.7249442  
																												<TransformMatrix>: 0.0511868 -0.998627 -0.01114568 0 0.9986554 0.05108989 0.008811527 0 -0.008229993 -0.01158172 0.999899 0 -0.1673318 -4.844665E-08 -3.875732E-07 1  
																												<Children>: 1
																													<Frame>: 59 0 Bip001_R_Finger1Nub
																													<ParentIndex>:13
																														<Transform>: -0.167332 1.937866E-07 3.875732E-07 2.134434E-07 2.134434E-07 180 -1 -1 -1 1.862645E-09 -1.862645E-09 1 -3.49246E-09  
																														<TransformMatrix>: 1 6.984919E-09 -3.72529E-09 0 -6.984919E-09 1 3.72529E-09 0 -3.72529E-09 3.72529E-09 -1 0 -0.167332 1.937866E-07 3.875732E-07 1  
																														<Children>: 0
																													</Frame>
																											</Frame>
																									</Frame>
																							</Frame>
																							<Frame>: 60 0 Bip001_R_Finger2
																							<ParentIndex>:10
																								<Transform>: -0.6200567 0.04078729 0.0681222 0.5836086 359.389 286.429 1 1 1 0.00727166 -0.00122056 -0.5987828 0.8008775  
																								<TransformMatrix>: 0.2829152 -0.9591212 -0.006753251 0 0.9590858 0.2828125 0.01310912 0 -0.01066333 -0.01018572 0.9998914 0 -0.6200567 0.04078729 0.0681222 1  
																								<Children>: 1
																									<Frame>: 61 0 Bip001_R_Finger21
																									<ParentIndex>:11
																										<Transform>: -0.1952207 1.937866E-07 -3.875732E-07 0.5365779 359.3878 272.9286 1 1 0.9999999 0.007074609 -0.0006478757 -0.6887711 0.7249441  
																										<TransformMatrix>: 0.05118781 -0.9986503 -0.008806225 0 0.998632 0.05108858 0.01114987 0 -0.01068492 -0.009364914 0.999899 0 -0.1952207 1.937866E-07 -3.875732E-07 1  
																										<Children>: 1
																											<Frame>: 62 0 Bip001_R_Finger22
																											<ParentIndex>:12
																												<Transform>: -0.1952206 -1.4534E-07 0 0.6635988 359.5284 272.9287 1 1 0.9999999 0.007032697 0.001005486 -0.6887711 0.7249442  
																												<TransformMatrix>: 0.0511868 -0.998627 -0.01114568 0 0.9986554 0.05108989 0.008811527 0 -0.008229993 -0.01158172 0.999899 0 -0.1952206 -1.4534E-07 0 1  
																												<Children>: 1
																													<Frame>: 63 0 Bip001_R_Finger2Nub
																													<ParentIndex>:13
																														<Transform>: -0.1583377 -1.937866E-07 0 2.134434E-07 2.134434E-07 180 -1 -1 -1 1.862645E-09 -1.862645E-09 1 -3.49246E-09  
																														<TransformMatrix>: 1 6.984919E-09 -3.72529E-09 0 -6.984919E-09 1 3.72529E-09 0 -3.72529E-09 3.72529E-09 -1 0 -0.1583377 -1.937866E-07 0 1  
																														<Children>: 0
																													</Frame>
																											</Frame>
																									</Frame>
																							</Frame>
																							<Frame>: 64 0 Bip001_R_Finger3
																							<ParentIndex>:10
																								<Transform>: -0.620042 0.04086306 -0.05875223 0.5836086 359.389 286.429 1 1 1 0.00727166 -0.00122056 -0.5987828 0.8008775  
																								<TransformMatrix>: 0.2829152 -0.9591212 -0.006753251 0 0.9590858 0.2828125 0.01310912 0 -0.01066333 -0.01018572 0.9998914 0 -0.620042 0.04086306 -0.05875223 1  
																								<Children>: 1
																									<Frame>: 65 0 Bip001_R_Finger31
																									<ParentIndex>:11
																										<Transform>: -0.167332 0 0 0.5365779 359.3878 272.9286 1 1 0.9999999 0.007074609 -0.0006478757 -0.6887711 0.7249441  
																										<TransformMatrix>: 0.05118781 -0.9986503 -0.008806225 0 0.998632 0.05108858 0.01114987 0 -0.01068492 -0.009364914 0.999899 0 -0.167332 0 0 1  
																										<Children>: 1
																											<Frame>: 66 0 Bip001_R_Finger32
																											<ParentIndex>:12
																												<Transform>: -0.1673318 -9.689331E-08 0 0.6635988 359.5284 272.9287 1 1 0.9999999 0.007032697 0.001005486 -0.6887711 0.7249442  
																												<TransformMatrix>: 0.0511868 -0.998627 -0.01114568 0 0.9986554 0.05108989 0.008811527 0 -0.008229993 -0.01158172 0.999899 0 -0.1673318 -9.689331E-08 0 1  
																												<Children>: 1
																													<Frame>: 67 0 Bip001_R_Finger3Nub
																													<ParentIndex>:13
																														<Transform>: -0.1673321 -1.937866E-07 -3.875732E-07 2.134434E-07 2.134434E-07 180 -1 -1 -1 1.862645E-09 -1.862645E-09 1 -3.49246E-09  
																														<TransformMatrix>: 1 6.984919E-09 -3.72529E-09 0 -6.984919E-09 1 3.72529E-09 0 -3.72529E-09 3.72529E-09 -1 0 -0.1673321 -1.937866E-07 -3.875732E-07 1  
																														<Children>: 0
																													</Frame>
																											</Frame>
																									</Frame>
																							</Frame>
																							<Frame>: 68 0 Bip001_R_Finger4
																							<ParentIndex>:10
																								<Transform>: -0.6200247 0.04093616 -0.1871068 0.5836086 359.389 286.429 1 1 1 0.00727166 -0.00122056 -0.5987828 0.8008775  
																								<TransformMatrix>: 0.2829152 -0.9591212 -0.006753251 0 0.9590858 0.2828125 0.01310912 0 -0.01066333 -0.01018572 0.9998914 0 -0.6200247 0.04093616 -0.1871068 1  
																								<Children>: 1
																									<Frame>: 69 0 Bip001_R_Finger41
																									<ParentIndex>:11
																										<Transform>: -0.1659633 -1.937866E-07 -3.875732E-07 0.5365779 359.3878 272.9286 1 1 0.9999999 0.007074609 -0.0006478757 -0.6887711 0.7249441  
																										<TransformMatrix>: 0.05118781 -0.9986503 -0.008806225 0 0.998632 0.05108858 0.01114987 0 -0.01068492 -0.009364914 0.999899 0 -0.1659633 -1.937866E-07 -3.875732E-07 1  
																										<Children>: 1
																											<Frame>: 70 0 Bip001_R_Finger42
																											<ParentIndex>:12
																												<Transform>: -0.1659633 -4.844665E-08 0 0.6635988 359.5284 272.9287 1 1 0.9999999 0.007032697 0.001005486 -0.6887711 0.7249442  
																												<TransformMatrix>: 0.0511868 -0.998627 -0.01114568 0 0.9986554 0.05108989 0.008811527 0 -0.008229993 -0.01158172 0.999899 0 -0.1659633 -4.844665E-08 0 1  
																												<Children>: 1
																													<Frame>: 71 0 Bip001_R_Finger4Nub
																													<ParentIndex>:13
																														<Transform>: -0.1095146 -1.937866E-07 3.875732E-07 2.134434E-07 2.134434E-07 180 -1 -1 -1 1.862645E-09 -1.862645E-09 1 -3.49246E-09  
																														<TransformMatrix>: 1 6.984919E-09 -3.72529E-09 0 -6.984919E-09 1 3.72529E-09 0 -3.72529E-09 3.72529E-09 -1 0 -0.1095146 -1.937866E-07 3.875732E-07 1  
																														<Children>: 0
																													</Frame>
																											</Frame>
																									</Frame>
																							</Frame>
																					</Frame>
																			</Frame>
																	</Frame>
															</Frame>
													</Frame>
											</Frame>
									</Frame>
							</Frame>
					</Frame>
			</Frame>
			<Frame>: 72 0 SMG02
			<ParentIndex>:0
				<Transform>: 0.8224947 5.050168 2.87157 270 180.0757 0 2.54 2.54 2.54 0.0004673951 0.7071066 0.7071066 -0.0004673951  
				<TransformMatrix>: -2.539998 0 0.003357862 0 0.003357862 -3.027916E-07 2.539998 0 0 2.54 -3.027916E-07 0 0.8224947 5.050168 2.87157 1  
				<SkinningInfo>: SMG02
					<BonesPerVertex>: 4
					<Bounds>: -1.169231 0.3040917 0.3189743 1.460225 0.5521152 0.8954856
					<BoneNames>: 1 Bip001_R_Hand  
					<BoneOffsets>: 1 0.05260045 2.531152 -0.2051836 0 -2.539373 0.05077012 -0.02468633 0 -0.02049908 0.2056442 2.531578 0 -1.273595 0.1162441 -0.3998165 1  
