<Hierarchy>:
	<Frame>: 0 0 SMG01_FP_Shoot
	<ParentIndex>:-1
		<Transform>: 5.483232 -2.48 -9.844822 0 0 0 1 1 1 0 0 0 1  
		<TransformMatrix>: 1 0 0 0 0 1 0 0 0 0 1 0 5.483232 -2.48 -9.844822 1  
		<Children>: 2
			<Frame>: 1 0 Bip001
			<ParentIndex>:0
				<Transform>: 3.16257E-17 4.529657 -3.617553E-10 270 270.0001 0 0.9999999 0.9999999 0.9999999 -0.5000004 -0.4999996 -0.4999996 0.5000004  
				<TransformMatrix>: 1.549721E-06 0 0.9999999 0 0.9999999 0 -1.609325E-06 0 0 0.9999999 0 0 3.16257E-17 4.529657 -3.617553E-10 1  
				<Children>: 2
					<Frame>: 2 0 Bip001_Footsteps
					<ParentIndex>:1
						<Transform>: 0 0 -4.515923 0 0 90.00009 1 1 1 0 0 0.7071074 0.7071062  
						<TransformMatrix>: -1.66893E-06 1 0 0 -1 -1.66893E-06 0 0 0 0 1 0 0 0 -4.515923 1  
						<Children>: 0
					</Frame>
					<Frame>: 3 0 Bip001_Pelvis
					<ParentIndex>:1
						<Transform>: 0 0 0 270 89.99993 0 1 1 1 -0.5 0.5 0.4999993 0.5000007  
						<TransformMatrix>: 1.311302E-06 0 -1 0 -1 1.311302E-06 -1.311302E-06 0 1.311302E-06 1 0 0 0 0 0 1  
						<Children>: 1
							<Frame>: 4 0 Bip001_Spine
							<ParentIndex>:2
								<Transform>: -0.4978425 -0.0005624255 6.911891E-07 -0.0002383733 7.958433E-05 359.9544 1 1 1 -2.080476E-06 6.936761E-07 -0.0003981153 0.9999999  
								<TransformMatrix>: 0.9999997 -0.0007962305 -1.385696E-06 0 0.0007962305 0.9999997 -4.161504E-06 0 1.389009E-06 4.160399E-06 1 0 -0.4978425 -0.0005624255 6.911891E-07 1  
								<Children>: 3
									<Frame>: 5 0 Bip001_L_Thigh
									<ParentIndex>:3
										<Transform>: 0.4978417 0.0009567775 0.6658921 359.9905 180.7826 359.2422 1 1 1 -0.006611913 0.9999549 0.0001276759 -0.00682902  
										<TransformMatrix>: -0.9998195 -0.01322497 0.01365573 0 -0.01322148 0.9999126 0.0003456461 0 -0.01365911 0.0001650346 -0.9999069 0 0.4978417 0.0009567775 0.6658921 1  
										<Children>: 1
											<Frame>: 6 0 Bip001_L_Calf
											<ParentIndex>:4
												<Transform>: -1.71332 0 4.844665E-08 -1.425545E-09 5.33418E-08 1.53085 1 1 1 -6.220671E-12 4.656197E-10 0.01335879 0.9999108  
												<TransformMatrix>: 0.9996432 0.0267152 -9.313226E-10 0 -0.0267152 0.9996432 0 0 9.309902E-10 2.488047E-11 1 0 -1.71332 0 4.844665E-08 1  
												<Children>: 1
													<Frame>: 7 0 Bip001_L_Foot
													<ParentIndex>:5
														<Transform>: -2.202252 -4.541874E-09 -4.844665E-08 -0.001264416 359.2173 359.1812 0.9999999 0.9999999 1 3.776827E-05 -0.006830052 -0.007144974 0.9999512  
														<TransformMatrix>: 0.9998046 -0.01428976 0.0136589 0 0.01428873 0.9998978 0.0001731339 0 -0.01365998 2.206823E-05 0.9999067 0 -2.202252 -4.541874E-09 -4.844665E-08 1  
														<Children>: 1
															<Frame>: 8 0 Bip001_L_Toe0
															<ParentIndex>:6
																<Transform>: -0.6010727 0.656651 0 0 2.504478E-06 270 1 1 1 -1.545431E-08 1.545431E-08 -0.7071068 0.7071068  
																<TransformMatrix>: -1.192093E-07 -1 0 0 1 -1.192093E-07 -4.37114E-08 0 4.37114E-08 0 1 0 -0.6010727 0.656651 0 1  
																<Children>: 1
																	<Frame>: 9 0 Bip001_L_Toe01
																	<ParentIndex>:7
																		<Transform>: -0.07840084 0 0 0 1.094744E-13 0 1 1 1 0 9.553441E-16 0 1  
																		<TransformMatrix>: 1 0 -1.910688E-15 0 0 1 0 0 1.910688E-15 0 1 0 -0.07840084 0 0 1  
																		<Children>: 1
																			<Frame>: 10 0 Bip001_L_Toe02
																			<ParentIndex>:8
																				<Transform>: -0.07840084 -1.513958E-09 0 0 1.094744E-13 0 1 1 1 0 9.553441E-16 0 1  
																				<TransformMatrix>: 1 0 -1.910688E-15 0 0 1 0 0 1.910688E-15 0 1 0 -0.07840084 -1.513958E-09 0 1  
																				<Children>: 1
																					<Frame>: 11 0 Bip001_L_Toe0Nub
																					<ParentIndex>:9
																						<Transform>: -0.07840084 0 -4.844665E-08 1.340674E-29 1.094744E-13 180 -1 -1 -1 9.553441E-16 -5.849795E-32 1 6.123234E-17  
																						<TransformMatrix>: 1 -1.224647E-16 -1.910688E-15 0 1.224647E-16 1 -1.175494E-38 0 -1.910688E-15 2.339918E-31 -1 0 -0.07840084 0 -4.844665E-08 1  
																						<Children>: 0
																					</Frame>
																			</Frame>
																	</Frame>
															</Frame>
													</Frame>
											</Frame>
									</Frame>
									<Frame>: 12 0 Bip001_R_Thigh
									<ParentIndex>:3
										<Transform>: 0.4978417 0.0009604716 -0.6658921 0.009135582 179.2174 359.2422 1 1 1 -0.006611932 0.9999549 -0.0001248806 0.006828868  
										<TransformMatrix>: -0.9998195 -0.01322497 -0.01365547 0 -0.01322156 0.9999126 -0.000340054 0 0.01365877 -0.000159446 -0.9999069 0 0.4978417 0.0009604716 -0.6658921 1  
										<Children>: 1
											<Frame>: 13 0 Bip001_R_Calf
											<ParentIndex>:4
												<Transform>: -1.71332 0 0 -2.259011E-09 5.331952E-08 1.53085 1 1 1 -1.349598E-11 4.655225E-10 0.01335879 0.9999108  
												<TransformMatrix>: 0.9996432 0.0267152 -9.313226E-10 0 -0.0267152 0.9996432 -1.455192E-11 0 9.306013E-10 3.942718E-11 1 0 -1.71332 0 0 1  
												<Children>: 1
													<Frame>: 14 0 Bip001_R_Foot
													<ParentIndex>:5
														<Transform>: -2.202253 0 -4.844665E-08 0.001264274 0.7826732 359.1812 0.9999999 0.9999999 1 -3.776889E-05 0.006829964 -0.007144974 0.9999512  
														<TransformMatrix>: 0.9998046 -0.01428977 -0.01365872 0 0.01428873 0.9998978 -0.0001731339 0 0.0136598 -2.206574E-05 0.9999067 0 -2.202253 0 -4.844665E-08 1  
														<Children>: 1
															<Frame>: 15 0 Bip001_R_Toe0
															<ParentIndex>:6
																<Transform>: -0.6010727 0.656651 0 0 -2.504479E-06 270 1 1 1 1.545431E-08 -1.545431E-08 -0.7071068 0.7071068  
																<TransformMatrix>: -1.192093E-07 -1 0 0 1 -1.192093E-07 4.37114E-08 0 -4.37114E-08 0 1 0 -0.6010727 0.656651 0 1  
																<Children>: 1
																	<Frame>: 16 0 Bip001_R_Toe01
																	<ParentIndex>:7
																		<Transform>: -0.07840084 0 0 0 -1.094741E-13 0 1 1 1 0 -9.553414E-16 0 1  
																		<TransformMatrix>: 1 0 1.910683E-15 0 0 1 0 0 -1.910683E-15 0 1 0 -0.07840084 0 0 1  
																		<Children>: 1
																			<Frame>: 17 0 Bip001_R_Toe02
																			<ParentIndex>:8
																				<Transform>: -0.07840084 -1.513958E-09 0 0 -1.094741E-13 0 1 1 1 0 -9.553414E-16 0 1  
																				<TransformMatrix>: 1 0 1.910683E-15 0 0 1 0 0 -1.910683E-15 0 1 0 -0.07840084 -1.513958E-09 0 1  
																				<Children>: 1
																					<Frame>: 18 0 Bip001_R_Toe0Nub
																					<ParentIndex>:9
																						<Transform>: -0.07840084 0 -4.844665E-08 0 -1.094741E-13 0 1 1 1 0 -9.553414E-16 0 1  
																						<TransformMatrix>: 1 0 1.910683E-15 0 0 1 0 0 -1.910683E-15 0 1 0 -0.07840084 0 -4.844665E-08 1  
																						<Children>: 0
																					</Frame>
																			</Frame>
																	</Frame>
															</Frame>
													</Frame>
											</Frame>
									</Frame>
									<Frame>: 19 0 Bip001_Spine1
									<ParentIndex>:3
										<Transform>: -0.7060391 -0.0004890717 0.0002772707 330.4495 359.9483 0.01364341 1 1 1 -0.2550281 -0.0004061339 -1.703488E-09 0.9669336  
										<TransformMatrix>: 0.9999998 0.0002071479 0.00078541 0 0.0002071544 0.8699213 -0.4931905 0 -0.0007854081 0.4931905 0.869921 0 -0.7060391 -0.0004890717 0.0002772707 1  
										<Children>: 1
											<Frame>: 20 0 Bip001_Spine2
											<ParentIndex>:4
												<Transform>: -0.7060387 -0.0005622007 -1.324713E-09 2.4412E-07 -3.335053E-09 3.335053E-09 1 1 1 2.130349E-09 -2.910383E-11 2.910383E-11 1  
												<TransformMatrix>: 1 5.820766E-11 5.820766E-11 0 -5.820766E-11 1 4.260698E-09 0 -5.820765E-11 -4.260698E-09 1 0 -0.7060387 -0.0005622007 -1.324713E-09 1  
												<Children>: 1
													<Frame>: 21 0 Bip001_Neck
													<ParentIndex>:5
														<Transform>: -0.5931386 -0.0001533655 -5.677342E-10 2.4412E-07 -3.335053E-09 3.335053E-09 1 1 1 2.130349E-09 -2.910383E-11 2.910383E-11 1  
														<TransformMatrix>: 1 5.820766E-11 5.820766E-11 0 -5.820766E-11 1 4.260698E-09 0 -5.820765E-11 -4.260698E-09 1 0 -0.5931386 -0.0001533655 -5.677342E-10 1  
														<Children>: 3
															<Frame>: 22 0 Bip001_Head
															<ParentIndex>:6
																<Transform>: -0.2933666 9.659052E-06 1.892447E-10 29.5505 0.05172944 0.05934639 1 1 1 0.2550282 0.0003044198 0.0003856441 0.9669335  
																<TransformMatrix>: 0.9999995 0.0009010556 -0.0003920071 0 -0.0005905131 0.8699209 0.4931909 0 0.0007854076 -0.4931905 0.869921 0 -0.2933666 9.659052E-06 1.892447E-10 1  
																<Children>: 1
																	<Frame>: 23 0 Bip001_HeadNub
																	<ParentIndex>:7
																		<Transform>: -1.008106 1.18278E-11 0 4.384774E-18 0 0 1 1 1 3.826437E-20 0 0 1  
																		<TransformMatrix>: 1 0 0 0 0 1 7.652873E-20 0 0 -7.652873E-20 1 0 -1.008106 1.18278E-11 0 1  
																		<Children>: 0
																	</Frame>
															</Frame>
															<Frame>: 24 0 Bip001_L_Clavicle
															<ParentIndex>:6
																<Transform>: 0.3428488 0.0005155216 0.2638592 0.04549539 269.2436 179.9992 1 1 1 0.711759 0.0002836022 -0.7024238 0.0002779216  
																<TransformMatrix>: 0.0132016 1.327548E-05 -0.9999131 0 0.0007941504 -1 -2.791581E-06 0 -0.9999126 -0.0007940442 -0.01320183 0 0.3428488 0.0005155216 0.2638592 1  
																<Children>: 1
																	<Frame>: 25 0 Bip001_L_UpperArm
																	<ParentIndex>:7
																		<Transform>: -0.9947009 -4.182309E-08 7.751465E-07 14.25305 297.2332 53.32657 1 1 1 -0.1372364 -0.5093157 0.437872 0.7280329  
																		<TransformMatrix>: 0.09773135 0.7773638 0.6214131 0 -0.4977771 0.5788686 -0.6458554 0 -0.8617812 -0.2462049 0.4435275 0 -0.9947009 -4.182309E-08 7.751465E-07 1  
																		<Children>: 1
																			<Frame>: 26 0 Bip001_L_Forearm
																			<ParentIndex>:8
																				<Transform>: -1.22199 0 0 1.76334E-06 -2.142416E-06 39.45648 1 1 1 8.173791E-09 -2.27931E-08 0.3375593 0.9413043  
																				<TransformMatrix>: 0.7721076 0.635492 4.842877E-08 0 -0.635492 0.7721075 1.776357E-15 0 -3.739221E-08 -3.077609E-08 1 0 -1.22199 0 0 1  
																				<Children>: 1
																					<Frame>: 27 0 Bip001_L_Hand
																					<ParentIndex>:9
																						<Transform>: -1.782491 0 -3.875732E-07 8.894069 136.4243 145.9801 1 1 1 0.8936896 0.2433017 0.3328025 0.1771034  
																						<TransformMatrix>: 0.6600936 0.5527534 0.5086652 0 0.3169916 -0.8188775 0.4784939 0 0.6810235 -0.1546081 -0.7157539 0 -1.782491 0 -3.875732E-07 1  
																						<Children>: 5
																							<Frame>: 28 0 Bip001_L_Finger0
																							<ParentIndex>:10
																								<Transform>: -0.3274922 0.06120944 -0.2139431 58.23113 256.5393 333.5385 1 1 0.9999999 0.45035 -0.5987179 0.2480267 0.6141698  
																								<TransformMatrix>: 0.1600391 -0.2346042 0.9588266 0 -0.8439263 0.4713352 0.2561866 0 -0.5120312 -0.8501787 -0.1225566 0 -0.3274922 0.06120944 -0.2139431 1  
																								<Children>: 1
																									<Frame>: 29 0 Bip001_L_Finger01
																									<ParentIndex>:11
																										<Transform>: -0.1272903 0 0 334.606 323.9958 340.6726 1 0.9999999 1 -0.1554585 -0.332306 -0.222707 0.9032204  
																										<TransformMatrix>: 0.6799487 -0.2989873 0.6695344 0 0.5056264 0.8524684 -0.1328129 0 -0.5310478 0.4288404 0.7308108 0 -0.1272903 0 0 1  
																										<Children>: 1
																											<Frame>: 30 0 Bip001_L_Finger02
																											<ParentIndex>:12
																												<Transform>: -0.1440338 -1.937866E-07 0 355.4588 347.2946 329.3082 1 1 1 -0.008712064 -0.11704 -0.2670416 0.9565117  
																												<TransformMatrix>: 0.8299809 -0.5088176 0.2285531 0 0.5128962 0.8572259 0.0458427 0 -0.2192473 0.07917547 0.9724516 0 -0.1440338 -1.937866E-07 0 1  
																												<Children>: 1
																													<Frame>: 31 0 Bip001_L_Finger0Nub
																													<ParentIndex>:13
																														<Transform>: -0.1272907 -1.937866E-07 -3.875732E-07 -1.280661E-06 -1.908333E-14 8.537735E-07 1 1 1 -1.117587E-08 -8.326672E-17 7.45058E-09 1  
																														<TransformMatrix>: 1 1.490116E-08 1.323489E-23 0 -1.490116E-08 1 -2.235174E-08 0 -3.330669E-16 2.235174E-08 1 0 -0.1272907 -1.937866E-07 -3.875732E-07 1  
																														<Children>: 0
																													</Frame>
																											</Frame>
																									</Frame>
																							</Frame>
																							<Frame>: 32 0 Bip001_L_Finger1
																							<ParentIndex>:10
																								<Transform>: -0.6200643 0.04070217 -0.1901233 359.0313 358.3517 338.7284 0.9999999 1 1 -0.005652875 -0.01569609 -0.1846596 0.9826609  
																								<TransformMatrix>: 0.9313089 -0.362738 0.03293558 0 0.3630929 0.9317378 -0.005312852 0 -0.02876015 0.01690658 0.9994434 0 -0.6200643 0.04070217 -0.1901233 1  
																								<Children>: 1
																									<Frame>: 33 0 Bip001_L_Finger11
																									<ParentIndex>:11
																										<Transform>: -0.1673317 -3.875732E-07 0 359.3087 358.2778 325.2204 1 1 0.9999999 -0.001264655 -0.01614379 -0.2989185 0.9541413  
																										<TransformMatrix>: 0.8207743 -0.5703802 0.03156298 0 0.5704618 0.8212922 0.007238038 0 -0.03005086 0.01206468 0.9994755 0 -0.1673317 -3.875732E-07 0 1  
																										<Children>: 1
																											<Frame>: 34 0 Bip001_L_Finger12
																											<ParentIndex>:12
																												<Transform>: -0.1673324 9.689331E-08 3.875732E-07 359.9315 358.1943 321.4621 0.9999999 1 1 0.004635695 -0.01507179 -0.329971 0.9438593  
																												<TransformMatrix>: 0.7817838 -0.6230321 0.02539201 0 0.6227527 0.7821953 0.0186974 0 -0.0315106 0.001195623 0.9995027 0 -0.1673324 9.689331E-08 3.875732E-07 1  
																												<Children>: 1
																													<Frame>: 35 0 Bip001_L_Finger1Nub
																													<ParentIndex>:13
																														<Transform>: -0.1673317 0 -1.937866E-07 -3.201651E-07 -2.134434E-07 1.707547E-06 1 1 1 -2.793968E-09 -1.862645E-09 1.490116E-08 1  
																														<TransformMatrix>: 1 2.980232E-08 3.72529E-09 0 -2.980232E-08 1 -5.587935E-09 0 -3.72529E-09 5.587935E-09 1 0 -0.1673317 0 -1.937866E-07 1  
																														<Children>: 0
																													</Frame>
																											</Frame>
																									</Frame>
																							</Frame>
																							<Frame>: 36 0 Bip001_L_Finger2
																							<ParentIndex>:10
																								<Transform>: -0.6200569 0.04078704 -0.0681222 359.0313 358.3517 338.7284 0.9999999 1 1 -0.005652875 -0.01569609 -0.1846596 0.9826609  
																								<TransformMatrix>: 0.9313089 -0.362738 0.03293558 0 0.3630929 0.9317378 -0.005312852 0 -0.02876015 0.01690658 0.9994434 0 -0.6200569 0.04078704 -0.0681222 1  
																								<Children>: 1
																									<Frame>: 37 0 Bip001_L_Finger21
																									<ParentIndex>:11
																										<Transform>: -0.1952206 -3.875732E-07 0 359.3087 358.2778 325.2204 1 1 0.9999999 -0.001264655 -0.01614379 -0.2989185 0.9541413  
																										<TransformMatrix>: 0.8207742 -0.5703802 0.03156297 0 0.5704618 0.8212922 0.007238038 0 -0.03005086 0.01206467 0.9994755 0 -0.1952206 -3.875732E-07 0 1  
																										<Children>: 1
																											<Frame>: 38 0 Bip001_L_Finger22
																											<ParentIndex>:12
																												<Transform>: -0.1952199 0 3.875732E-07 359.9315 358.1943 321.4621 1 1 1 0.004635697 -0.01507179 -0.329971 0.9438594  
																												<TransformMatrix>: 0.7817841 -0.6230322 0.02539202 0 0.6227527 0.7821953 0.0186974 0 -0.0315106 0.001195615 0.9995028 0 -0.1952199 0 3.875732E-07 1  
																												<Children>: 1
																													<Frame>: 39 0 Bip001_L_Finger2Nub
																													<ParentIndex>:13
																														<Transform>: -0.1583376 0 0 0 0 1.707547E-06 1 1 1 0 0 1.490116E-08 1  
																														<TransformMatrix>: 1 2.980232E-08 0 0 -2.980232E-08 1 0 0 0 0 1 0 -0.1583376 0 0 1  
																														<Children>: 0
																													</Frame>
																											</Frame>
																									</Frame>
																							</Frame>
																							<Frame>: 40 0 Bip001_L_Finger3
																							<ParentIndex>:10
																								<Transform>: -0.6200418 0.04086301 0.05875184 359.0313 358.3517 338.7284 0.9999999 1 1 -0.005652875 -0.01569609 -0.1846596 0.9826609  
																								<TransformMatrix>: 0.9313089 -0.362738 0.03293558 0 0.3630929 0.9317378 -0.005312852 0 -0.02876015 0.01690658 0.9994434 0 -0.6200418 0.04086301 0.05875184 1  
																								<Children>: 1
																									<Frame>: 41 0 Bip001_L_Finger31
																									<ParentIndex>:11
																										<Transform>: -0.167332 3.875732E-07 0 359.3087 358.2778 325.2204 1 1 0.9999999 -0.001264655 -0.01614379 -0.2989185 0.9541413  
																										<TransformMatrix>: 0.8207742 -0.5703802 0.03156297 0 0.5704618 0.8212922 0.007238038 0 -0.03005086 0.01206467 0.9994755 0 -0.167332 3.875732E-07 0 1  
																										<Children>: 1
																											<Frame>: 42 0 Bip001_L_Finger32
																											<ParentIndex>:12
																												<Transform>: -0.1673313 -9.689331E-08 1.937866E-07 359.9315 358.1943 321.4621 1 1 1 0.004635697 -0.01507179 -0.329971 0.9438594  
																												<TransformMatrix>: 0.7817841 -0.6230322 0.02539202 0 0.6227527 0.7821953 0.0186974 0 -0.0315106 0.001195615 0.9995028 0 -0.1673313 -9.689331E-08 1.937866E-07 1  
																												<Children>: 1
																													<Frame>: 43 0 Bip001_L_Finger3Nub
																													<ParentIndex>:13
																														<Transform>: -0.167332 -3.875732E-07 -1.937866E-07 0 0 1.707547E-06 1 1 1 0 0 1.490116E-08 1  
																														<TransformMatrix>: 1 2.980232E-08 0 0 -2.980232E-08 1 0 0 0 0 1 0 -0.167332 -3.875732E-07 -1.937866E-07 1  
																														<Children>: 0
																													</Frame>
																											</Frame>
																									</Frame>
																							</Frame>
																							<Frame>: 44 0 Bip001_L_Finger4
																							<ParentIndex>:10
																								<Transform>: -0.6200247 0.04093626 0.1871068 359.0313 358.3517 338.7284 0.9999999 1 1 -0.005652875 -0.01569609 -0.1846596 0.9826609  
																								<TransformMatrix>: 0.9313089 -0.362738 0.03293558 0 0.3630929 0.9317378 -0.005312852 0 -0.02876015 0.01690658 0.9994434 0 -0.6200247 0.04093626 0.1871068 1  
																								<Children>: 1
																									<Frame>: 45 0 Bip001_L_Finger41
																									<ParentIndex>:11
																										<Transform>: -0.1659635 0 -1.937866E-07 359.3087 358.2778 325.2204 1 1 0.9999999 -0.001264651 -0.01614379 -0.2989185 0.9541413  
																										<TransformMatrix>: 0.8207742 -0.5703802 0.03156297 0 0.5704618 0.8212922 0.007238045 0 -0.03005086 0.01206467 0.9994755 0 -0.1659635 0 -1.937866E-07 1  
																										<Children>: 1
																											<Frame>: 46 0 Bip001_L_Finger42
																											<ParentIndex>:12
																												<Transform>: -0.1659631 9.689331E-08 0 359.9315 358.1943 321.4621 1 1 1 0.004635694 -0.01507179 -0.329971 0.9438594  
																												<TransformMatrix>: 0.7817841 -0.6230322 0.02539202 0 0.6227527 0.7821953 0.0186974 0 -0.0315106 0.00119562 0.9995028 0 -0.1659631 9.689331E-08 0 1  
																												<Children>: 1
																													<Frame>: 47 0 Bip001_L_Finger4Nub
																													<ParentIndex>:13
																														<Transform>: -0.1095146 0 1.937866E-07 3.201651E-07 2.134434E-07 1.707547E-06 1 1 1 2.793968E-09 1.862645E-09 1.490116E-08 1  
																														<TransformMatrix>: 1 2.980232E-08 -3.72529E-09 0 -2.980232E-08 1 5.587935E-09 0 3.72529E-09 -5.587935E-09 1 0 -0.1095146 0 1.937866E-07 1  
																														<Children>: 0
																													</Frame>
																											</Frame>
																									</Frame>
																							</Frame>
																					</Frame>
																			</Frame>
																	</Frame>
															</Frame>
															<Frame>: 48 0 Bip001_R_Clavicle
															<ParentIndex>:6
																<Transform>: 0.3428488 0.0005169674 -0.2638592 359.9542 90.75642 179.9996 1 1 1 0.711759 0.0002837386 0.7024238 -0.0002819782  
																<TransformMatrix>: 0.0132016 7.770636E-06 0.9999131 0 0.0008000433 -1 -2.791581E-06 0 0.9999126 0.0008000104 -0.01320183 0 0.3428488 0.0005169674 -0.2638592 1  
																<Children>: 1
																	<Frame>: 49 0 Bip001_R_UpperArm
																	<ParentIndex>:7
																		<Transform>: -0.9947008 3.472641E-08 7.751465E-07 330.9662 90.88264 88.45982 1 1 1 0.3551274 0.6169431 0.601776 0.3621206  
																		<TransformMatrix>: -0.4855064 0.874018 -0.01940137 0 0.002355784 0.02350032 0.9997211 0 0.87423 0.4853252 -0.0134685 0 -0.9947008 3.472641E-08 7.751465E-07 1  
																		<Children>: 1
																			<Frame>: 50 0 Bip001_R_Forearm
																			<ParentIndex>:8
																				<Transform>: -1.22199 0 0 2.597761E-08 2.711124E-08 1.504418 0.9999999 0.9999999 0.9999999 2.297838E-10 2.335937E-10 0.01312814 0.9999138  
																				<TransformMatrix>: 0.9996552 0.02625402 -4.611138E-10 0 -0.02625402 0.9996552 4.656613E-10 0 4.731804E-10 -4.533947E-10 0.9999999 0 -1.22199 0 0 1  
																				<Children>: 1
																					<Frame>: 51 0 Bip001_R_Hand
																					<ParentIndex>:9
																						<Transform>: -1.78249 -7.751465E-07 9.689331E-08 89.95576 -2.692795E-08 0 0.9999999 0.9999999 0.9999999 0.7068252 -1.662297E-10 1.660974E-10 0.7073883  
																						<TransformMatrix>: 0.9999999 0 4.699814E-10 0 -4.699812E-10 0.0007962584 0.9999996 0 -3.742562E-13 -0.9999996 0.0007962584 0 -1.78249 -7.751465E-07 9.689331E-08 1  
																						<Children>: 5
																							<Frame>: 52 0 Bip001_R_Finger0
																							<ParentIndex>:10
																								<Transform>: -0.327492 0.06120963 0.2139435 301.7689 103.4607 333.5385 0.9999999 0.9999999 1 -0.4503499 0.5987179 0.2480267 0.6141698  
																								<TransformMatrix>: 0.1600392 -0.2346042 -0.9588265 0 -0.8439261 0.4713354 -0.2561865 0 0.5120313 0.8501786 -0.1225564 0 -0.327492 0.06120963 0.2139435 1  
																								<Children>: 1
																									<Frame>: 53 0 Bip001_R_Finger01
																									<ParentIndex>:11
																										<Transform>: -0.1272907 0 1.937866E-07 297.4208 101.5874 337.1622 0.9999999 0.9999999 0.9999998 -0.4528962 0.5840684 0.287532 0.6091589  
																										<TransformMatrix>: 0.152379 -0.1787394 -0.972025 0 -0.8793499 0.4244207 -0.2158948 0 0.4511365 0.887648 -0.09250174 0 -0.1272907 0 1.937866E-07 1  
																										<Children>: 1
																											<Frame>: 54 0 Bip001_R_Finger02
																											<ParentIndex>:12
																												<Transform>: -0.1440337 -7.751465E-07 7.751465E-07 19.84684 39.69006 337.1165 1 1 1 0.09254132 0.3599084 -0.2411392 0.8965233  
																												<TransformMatrix>: 0.6246357 -0.3657611 -0.6899633 0 0.4989867 0.8665761 -0.007645176 0 0.6007018 -0.339507 0.7238041 0 -0.1440337 -7.751465E-07 7.751465E-07 1  
																												<Children>: 1
																													<Frame>: 55 0 Bip001_R_Finger0Nub
																													<ParentIndex>:13
																														<Transform>: -0.1272906 0 -1.937866E-07 -1.045571E-22 -8.537737E-07 180 -1 -1 -1 -7.450581E-09 4.562165E-25 1 6.123234E-17  
																														<TransformMatrix>: 1 -1.224647E-16 1.490116E-08 0 1.224647E-16 1 0 0 1.490116E-08 -1.824866E-24 -1 0 -0.1272906 0 -1.937866E-07 1  
																														<Children>: 0
																													</Frame>
																											</Frame>
																									</Frame>
																							</Frame>
																							<Frame>: 56 0 Bip001_R_Finger1
																							<ParentIndex>:10
																								<Transform>: -0.6200643 0.04070226 0.190124 0.5561185 359.5338 298.8994 1 1 1 0.006247073 -0.001036575 -0.5082672 0.8611761  
																								<TransformMatrix>: 0.4833267 -0.8754281 -0.004565019 0 0.8754023 0.4832509 0.01181338 0 -0.008135712 -0.009705947 0.9999198 0 -0.6200643 0.04070226 0.190124 1  
																								<Children>: 1
																									<Frame>: 57 0 Bip001_R_Finger11
																									<ParentIndex>:11
																										<Transform>: -0.167332 1.937866E-07 7.751465E-07 0.427659 0.09724214 312.7475 1 1 1 0.003079109 0.002273139 -0.4007688 0.9161713  
																										<TransformMatrix>: 0.6787584 -0.7343317 -0.00663319 0 0.7343597 0.6787498 0.003819975 0 0.001697147 -0.007463988 0.9999707 0 -0.167332 1.937866E-07 7.751465E-07 1  
																										<Children>: 1
																											<Frame>: 58 0 Bip001_R_Finger12
																											<ParentIndex>:12
																												<Transform>: -0.1673318 -1.937866E-07 -7.751465E-07 0.2314598 0.002606652 318.4696 1 1 1 0.001880593 0.000737391 -0.3545384 0.9350393  
																												<TransformMatrix>: 0.7486041 -0.6630118 -0.002712464 0 0.6630175 0.7485981 0.002993991 0 4.549429E-05 -0.004039724 0.9999918 0 -0.1673318 -1.937866E-07 -7.751465E-07 1  
																												<Children>: 1
																													<Frame>: 59 0 Bip001_R_Finger1Nub
																													<ParentIndex>:13
																														<Transform>: -0.167332 0 -7.751465E-07 5.075996E-15 1.067217E-07 180 -1 -1 -1 9.313225E-10 -2.214821E-17 1 2.378146E-08  
																														<TransformMatrix>: 1 -4.756293E-08 -1.862645E-09 0 4.756293E-08 1 3.308722E-24 0 -1.862645E-09 8.859284E-17 -1 0 -0.167332 0 -7.751465E-07 1  
																														<Children>: 0
																													</Frame>
																											</Frame>
																									</Frame>
																							</Frame>
																							<Frame>: 60 0 Bip001_R_Finger2
																							<ParentIndex>:10
																								<Transform>: -0.6200567 0.04078704 0.0681222 0.625474 359.6604 309.5605 1 1 0.9999999 0.006200823 -0.0003556144 -0.4260678 0.9046699  
																								<TransformMatrix>: 0.6369322 -0.770906 -0.004640516 0 0.7708972 0.6368555 0.01152243 0 -0.005927369 -0.01091636 0.9999228 0 -0.6200567 0.04078704 0.0681222 1  
																								<Children>: 1
																									<Frame>: 61 0 Bip001_R_Finger21
																									<ParentIndex>:11
																										<Transform>: -0.1952207 0 0 0.5098272 359.7568 296.0593 1 0.9999999 0.9999999 0.004897815 0.000555511 -0.529466 0.8483168  
																										<TransformMatrix>: 0.4393308 -0.8983045 -0.006128952 0 0.8983152 0.4392834 0.007721548 0 -0.004243954 -0.008898045 0.9999514 0 -0.1952207 0 0 1  
																										<Children>: 1
																											<Frame>: 62 0 Bip001_R_Finger22
																											<ParentIndex>:12
																												<Transform>: -0.1952206 -1.937866E-07 0 0.2314602 0.002606805 318.4696 0.9999999 1 0.9999999 0.001880596 0.0007373937 -0.3545384 0.9350393  
																												<TransformMatrix>: 0.7486039 -0.6630118 -0.002712471 0 0.6630175 0.7485979 0.002993994 0 4.549697E-05 -0.004039731 0.9999918 0 -0.1952206 -1.937866E-07 0 1  
																												<Children>: 1
																													<Frame>: 63 0 Bip001_R_Finger2Nub
																													<ParentIndex>:13
																														<Transform>: -0.1583374 -9.689331E-08 7.751465E-07 -5.336086E-08 -6.36344E-16 180 -1 -1 -1 -2.776574E-18 4.656613E-10 1 -5.962648E-09  
																														<TransformMatrix>: 1 1.19253E-08 -8.271806E-25 0 -1.19253E-08 1 -9.313227E-10 0 1.11063E-17 -9.313227E-10 -1 0 -0.1583374 -9.689331E-08 7.751465E-07 1  
																														<Children>: 0
																													</Frame>
																											</Frame>
																									</Frame>
																							</Frame>
																							<Frame>: 64 0 Bip001_R_Finger3
																							<ParentIndex>:10
																								<Transform>: -0.6200422 0.04086281 -0.05875145 0.625474 359.6604 309.5605 1 1 0.9999999 0.006200823 -0.0003556144 -0.4260678 0.9046699  
																								<TransformMatrix>: 0.6369322 -0.770906 -0.004640516 0 0.7708972 0.6368555 0.01152243 0 -0.005927369 -0.01091636 0.9999228 0 -0.6200422 0.04086281 -0.05875145 1  
																								<Children>: 1
																									<Frame>: 65 0 Bip001_R_Finger31
																									<ParentIndex>:11
																										<Transform>: -0.1673318 -1.937866E-07 7.751465E-07 0.5098271 359.7568 296.0593 1 0.9999999 0.9999999 0.004897815 0.0005555095 -0.529466 0.8483168  
																										<TransformMatrix>: 0.4393308 -0.8983045 -0.00612895 0 0.8983152 0.4392834 0.007721551 0 -0.004243957 -0.008898044 0.9999514 0 -0.1673318 -1.937866E-07 7.751465E-07 1  
																										<Children>: 1
																											<Frame>: 66 0 Bip001_R_Finger32
																											<ParentIndex>:12
																												<Transform>: -0.1673318 0 -7.751465E-07 0.2314603 0.002606745 318.4696 0.9999999 1 0.9999999 0.001880597 0.0007373934 -0.3545384 0.9350393  
																												<TransformMatrix>: 0.7486039 -0.6630118 -0.002712471 0 0.6630175 0.7485979 0.002993995 0 4.549592E-05 -0.004039732 0.9999918 0 -0.1673318 0 -7.751465E-07 1  
																												<Children>: 1
																													<Frame>: 67 0 Bip001_R_Finger3Nub
																													<ParentIndex>:13
																														<Transform>: -0.167332 9.689331E-08 0 0 0 180 -1 -1 -1 0 0 1 -5.929906E-09  
																														<TransformMatrix>: 1 1.185981E-08 0 0 -1.185981E-08 1 0 0 0 0 -1 0 -0.167332 9.689331E-08 0 1  
																														<Children>: 0
																													</Frame>
																											</Frame>
																									</Frame>
																							</Frame>
																							<Frame>: 68 0 Bip001_R_Finger4
																							<ParentIndex>:10
																								<Transform>: -0.6200247 0.04093587 -0.1871068 0.625474 359.6604 309.5605 1 1 0.9999999 0.006200823 -0.0003556144 -0.4260678 0.9046699  
																								<TransformMatrix>: 0.6369322 -0.770906 -0.004640516 0 0.7708972 0.6368555 0.01152243 0 -0.005927369 -0.01091636 0.9999228 0 -0.6200247 0.04093587 -0.1871068 1  
																								<Children>: 1
																									<Frame>: 69 0 Bip001_R_Finger41
																									<ParentIndex>:11
																										<Transform>: -0.1659633 -1.937866E-07 0 0.4332711 0.08303184 312.022 1 0.9999998 0.9999999 0.003159817 0.002199203 -0.4065608 0.9136156  
																										<TransformMatrix>: 0.6694069 -0.7428668 -0.006587768 0 0.7428944 0.6693965 0.003985495 0 0.001449137 -0.007561935 0.9999703 0 -0.1659633 -1.937866E-07 0 1  
																										<Children>: 1
																											<Frame>: 70 0 Bip001_R_Finger42
																											<ParentIndex>:12
																												<Transform>: -0.1659634 1.937866E-07 0 0.004583706 0.1075527 329.4248 0.9999999 1 1 -0.0002088832 0.0009159088 -0.2636639 0.9646142  
																												<TransformMatrix>: 0.860961 -0.5086681 -0.001656847 0 0.5086675 0.8609627 -0.0008859676 0 0.001877147 -8.000076E-05 0.9999983 0 -0.1659634 1.937866E-07 0 1  
																												<Children>: 1
																													<Frame>: 71 0 Bip001_R_Finger4Nub
																													<ParentIndex>:13
																														<Transform>: -0.1095144 1.937866E-07 0 8.004127E-08 -1.067217E-07 180 -1 -1 -1 -9.313225E-10 -6.984919E-10 1 -2.092201E-08  
																														<TransformMatrix>: 1 4.184403E-08 1.862645E-09 0 -4.184403E-08 1 1.396984E-09 0 1.862645E-09 1.396984E-09 -1 0 -0.1095144 1.937866E-07 0 1  
																														<Children>: 0
																													</Frame>
																											</Frame>
																									</Frame>
																							</Frame>
																					</Frame>
																			</Frame>
																	</Frame>
															</Frame>
													</Frame>
											</Frame>
									</Frame>
							</Frame>
					</Frame>
			</Frame>
			<Frame>: 72 0 Box001
			<ParentIndex>:0
				<Transform>: -0.9506668 6.164081 -3.654834 271.6765 180 180 1.261651 2.54 2.54 -0.7173778 0 0 0.6966844  
				<TransformMatrix>: 1.261651 0 0 0 0 -0.07432535 -2.538913 0 0 2.538913 -0.07432535 0 -0.9506668 6.164081 -3.654834 1  
				<SkinningInfo>: Box001
					<BonesPerVertex>: 4
					<Bounds>: -1.151798 0.1892963 0.06446224 1.447206 0.6041185 0.7549923
					<BoneNames>: 1 Bip001_R_Hand  
					<BoneOffsets>: 1 0.01137652 1.261598 -0.001915601 0 -2.538768 0.02277845 -0.07574344 0 -0.07570571 0.004537676 2.538867 0 -1.269772 0.1821859 -0.5089498 1  
