<Hierarchy>:
	<Frame>: 0 0 PlayerHand_SMG01
	<ParentIndex>:-1
		<Transform>: -15.83532 0 46.6103 0 0 0 1 1 1 0 0 0 1  
		<TransformMatrix>: 1 0 0 0 0 1 0 0 0 0 1 0 -15.83532 0 46.6103 1  
		<Children>: 3
			<Frame>: 1 0 Bone001
			<ParentIndex>:0
				<Transform>: 1.257052 5.188191 -1.330995 0.001293374 88.32617 0.413445 1 1 1 0.002521788 0.6966985 0.002580356 0.717355  
				<TransformMatrix>: 0.02920914 0.007215914 -0.9995473 0 -0.0001882117 0.999974 0.007213495 0 0.9995733 -2.257363E-05 0.02920973 0 1.257052 5.188191 -1.330995 1  
				<Children>: 1
					<Frame>: 2 0 Bone002
					<ParentIndex>:1
						<Transform>: -1.50245 0 9.689331E-08 -0.001308309 9.397831E-05 357.0902 1 1 1 -1.143429E-05 5.299678E-07 -0.02539016 0.9996776  
						<TransformMatrix>: 0.9987107 -0.05076395 -4.789571E-07 0 0.05076395 0.9987107 -2.288812E-05 0 1.640231E-06 2.283429E-05 1 0 -1.50245 0 9.689331E-08 1  
						<Children>: 1
							<Frame>: 3 0 Bone003
							<ParentIndex>:2
								<Transform>: -1.460245 -3.875732E-07 -4.844666E-07 1.405629E-05 5.405463E-05 357.423 1.000001 1.000001 1 1.120258E-07 4.743547E-07 -0.02248685 0.9997472  
								<TransformMatrix>: 0.9989896 -0.04496237 -9.535086E-07 0 0.04496237 0.9989896 2.026617E-07 0 9.434313E-07 -2.453285E-07 1 0 -1.460245 -3.875732E-07 -4.844666E-07 1  
								<Children>: 5
									<Frame>: 4 0 Bone004
									<ParentIndex>:3
										<Transform>: -0.3077502 3.875732E-07 0 -1.453762E-06 -6.109411E-05 25.15454 1 1 1 -1.28478E-07 -5.175904E-07 0.217756 0.9760032  
										<TransformMatrix>: 0.9051646 0.4250612 9.54386E-07 0 -0.4250612 0.9051646 -4.762067E-07 0 -1.066293E-06 2.537294E-08 1 0 -0.3077502 3.875732E-07 0 1  
										<Children>: 1
											<Frame>: 5 0 Bone005
											<ParentIndex>:4
												<Transform>: -0.4999065 0.03336773 0.1093326 340.1145 281.5822 356.0123 1 1 1 -0.1120435 -0.6269333 -0.1356369 0.7589489  
												<TransformMatrix>: 0.1771144 -0.06539539 0.9820153 0 0.3463707 0.9380977 0 0 -0.9212263 0.3401413 0.1888017 0 -0.4999065 0.03336773 0.1093326 1  
												<Children>: 1
													<Frame>: 6 0 Bone006
													<ParentIndex>:5
														<Transform>: -0.275783 -0.0003406769 0.1104163 359.9332 304.5493 357.3338 1 1 1 0.01030786 -0.4651194 -0.02086491 0.884942  
														<TransformMatrix>: 0.5664572 -0.04651724 0.8227773 0 0.0273397 0.9989168 0.03765307 0 -0.8236376 0.001165638 0.5671154 0 -0.275783 -0.0003406769 0.1104163 1  
														<Children>: 1
															<Frame>: 7 0 Bone007
															<ParentIndex>:6
																<Transform>: -0.1648851 0.0005429901 0.03674505 3.633337 336.4774 2.59974 1 1 1 0.0264063 -0.2043841 0.02865785 0.9781148  
																<TransformMatrix>: 0.9148117 0.04526728 0.4013358 0 -0.06685539 0.9969628 0.03994235 0 -0.3983088 -0.0633712 0.9150597 0 -0.1648851 0.0005429901 0.03674505 1  
																<Children>: 0
															</Frame>
													</Frame>
											</Frame>
									</Frame>
									<Frame>: 8 0 Bone008
									<ParentIndex>:3
										<Transform>: -0.3078504 -3.875732E-07 9.689331E-08 9.935727E-06 -6.687926E-05 8.477221 1 1 1 4.333205E-08 -5.884439E-07 0.07391025 0.9972649  
										<TransformMatrix>: 0.9890745 0.1474162 1.180074E-06 0 -0.1474162 0.9890745 -5.570016E-10 0 -1.167263E-06 -1.734111E-07 1 0 -0.3078504 -3.875732E-07 9.689331E-08 1  
										<Children>: 1
											<Frame>: 9 0 Bone009
											<ParentIndex>:4
												<Transform>: -0.4805978 0.00596669 0.113332 356.6575 280.9016 357.2914 1 1 1 -0.007439082 -0.6368232 -0.03678231 0.7700961  
												<TransformMatrix>: 0.1862065 -0.04717706 0.9813774 0 0.06612658 0.9971834 0.03539004 0 -0.9802829 0.05830527 0.1888016 0 -0.4805978 0.00596669 0.113332 1  
												<Children>: 1
													<Frame>: 10 0 Bone010
													<ParentIndex>:5
														<Transform>: -0.2741329 -0.001622769 0.1157706 1.585927 304.8398 359.3353 1 1 1 0.01495186 -0.4628647 0.001266444 0.886302  
														<TransformMatrix>: 0.5715094 -0.01159647 0.8205136 0 -0.01608628 0.9995497 0.02533134 0 -0.8204379 -0.02767611 0.5710655 0 -0.2741329 -0.001622769 0.1157706 1  
														<Children>: 1
															<Frame>: 11 0 Bone011
															<ParentIndex>:6
																<Transform>: -0.1719903 0.0004464844 0.03728697 2.477349 336.3728 0.3372145 1 1 1 0.02055697 -0.2047418 0.007305389 0.9785728  
																<TransformMatrix>: 0.9160548 0.005879968 0.4010098 0 -0.02271545 0.9990481 0.03724155 0 -0.4004091 -0.04322442 0.9153165 0 -0.1719903 0.0004464844 0.03728697 1  
																<Children>: 0
															</Frame>
													</Frame>
											</Frame>
									</Frame>
									<Frame>: 12 0 Bone012
									<ParentIndex>:3
										<Transform>: -0.307807 3.875732E-07 9.689331E-08 -1.550983E-06 -6.818451E-05 349.0884 1 1 1 4.309985E-08 -5.936134E-07 -0.09507784 0.9954699  
										<TransformMatrix>: 0.9819204 -0.1892942 1.173653E-06 0 0.1892942 0.9819204 1.986882E-07 0 -1.190044E-06 2.706976E-08 1 0 -0.307807 3.875732E-07 9.689331E-08 1  
										<Children>: 1
											<Frame>: 13 0 Bone013
											<ParentIndex>:4
												<Transform>: -0.489026 -0.0298226 0.1227852 15.69001 281.3095 1.483025 1 1 1 0.09741922 -0.6293717 0.09644317 0.764918  
												<TransformMatrix>: 0.18918 0.02491644 0.9816264 0 -0.270168 0.9624164 0.02763822 0 -0.9440447 -0.2704326 0.1888015 0 -0.489026 -0.0298226 0.1227852 1  
												<Children>: 1
													<Frame>: 14 0 Bone014
													<ParentIndex>:5
														<Transform>: -0.2748242 -0.001356119 0.123913 0.742241 306.7791 358.6514 1 1 1 0.01106201 -0.4478132 -0.00762067 0.8940263  
														<TransformMatrix>: 0.5988106 -0.02353359 0.8005449 0 0.003718729 0.9996391 0.02660473 0 -0.8008821 -0.01295419 0.598682 0 -0.2748242 -0.001356119 0.123913 1  
														<Children>: 1
															<Frame>: 15 0 Bone015
															<ParentIndex>:6
																<Transform>: -0.2198468 0.0005166351 0.02101141 2.992674 336.4108 2.111346 1 1 1 0.02179272 -0.2047705 0.02336549 0.9782884  
																<TransformMatrix>: 0.9150462 0.03679135 0.4016677 0 -0.05464139 0.9979582 0.03307001 0 -0.3996308 -0.05220827 0.9151882 0 -0.2198468 0.0005166351 0.02101141 1  
																<Children>: 0
															</Frame>
													</Frame>
											</Frame>
									</Frame>
									<Frame>: 16 0 Bone016
									<ParentIndex>:3
										<Transform>: -0.3077832 -1.16272E-06 0 -3.167968E-06 -6.72027E-05 333.9893 0.999999 0.999999 1 1.050401E-07 -5.776325E-07 -0.2250417 0.9743491  
										<TransformMatrix>: 0.8987116 -0.438538 1.078354E-06 0 0.438538 0.8987116 4.646737E-07 0 -1.172908E-06 5.529147E-08 1 0 -0.3077832 -1.16272E-06 0 1  
										<Children>: 1
											<Frame>: 17 0 Bone017
											<ParentIndex>:4
												<Transform>: -0.5182807 -0.0617284 0.1364235 30.46484 282.6528 1.916917 1 1 1 0.195008 -0.6062765 0.1767564 0.7504385  
												<TransformMatrix>: 0.202372 0.02883215 0.9788843 0 -0.5017471 0.8614581 0.07835643 0 -0.8410087 -0.5070094 0.1888014 0 -0.5182807 -0.0617284 0.1364235 1  
												<Children>: 1
													<Frame>: 18 0 Bone018
													<ParentIndex>:5
														<Transform>: -0.2843648 -0.003983478 0.1283714 3.442943 306.113 0.9943809 1 1 1 0.0228489 -0.4531222 0.02134343 0.8909  
														<TransformMatrix>: 0.5884495 0.01732303 0.8083485 0 -0.05873641 0.9980448 0.02136981 0 -0.8063977 -0.06005454 0.5883164 0 -0.2843648 -0.003983478 0.1283714 1  
														<Children>: 1
															<Frame>: 19 0 Bone019
															<ParentIndex>:6
																<Transform>: -0.2048778 0.0003910614 0.03193875 2.153195 336.3493 0.2905084 1 1 1 0.01787081 -0.2049386 0.006331328 0.9785912  
																<TransformMatrix>: 0.9159201 0.005066726 0.4013286 0 -0.0197164 0.9992811 0.03238136 0 -0.400876 -0.0375715 0.9153616 0 -0.2048778 0.0003910614 0.03193875 1  
																<Children>: 0
															</Frame>
													</Frame>
											</Frame>
									</Frame>
									<Frame>: 20 0 Bone020
									<ParentIndex>:3
										<Transform>: -0.3077196 2.325439E-06 0 -6.111011E-06 -6.503479E-05 308.013 0.999999 0.999999 1 2.007991E-07 -5.334982E-07 -0.4382689 0.8988439  
										<TransformMatrix>: 0.6158401 -0.7878699 7.830544E-07 0 0.7878699 0.6158401 8.286046E-07 0 -1.135071E-06 1.066573E-07 1 0 -0.3077196 2.325439E-06 0 1  
										<Children>: 1
											<Frame>: 21 0 Bone021
											<ParentIndex>:4
												<Transform>: -0.399938 7.751465E-07 0 328.8533 269.7225 354.6521 1 1 1 -0.1573174 -0.6908863 -0.2217903 0.6698779  
												<TransformMatrix>: -0.05302954 -0.07976796 0.9954019 0 0.5145218 0.8521206 0.09569679 0 -0.855836 0.5172307 -0.004145265 0 -0.399938 7.751465E-07 0 1  
												<Children>: 1
													<Frame>: 22 0 Bone022
													<ParentIndex>:5
														<Transform>: -0.1712397 -2.131653E-06 -3.875732E-07 359.9093 0.6339682 21.88361 1 1 1 0.0002729298 0.00558206 0.1898132 0.9818043  
														<TransformMatrix>: 0.9278796 0.3727219 -0.01085737 0 -0.3727158 0.9279417 0.002655025 0 0.01106459 0.00158317 0.9999375 0 -0.1712397 -2.131653E-06 -3.875732E-07 1  
														<Children>: 0
													</Frame>
											</Frame>
									</Frame>
							</Frame>
					</Frame>
			</Frame>
			<Frame>: 23 0 Bone023
			<ParentIndex>:0
				<Transform>: -2.81482 3.479916 4.269705 290.5923 267.9498 271.3632 1 1 1 -0.1305005 0.6994719 0.6919436 -0.1221586  
				<TransformMatrix>: -0.9360938 -0.3516166 -0.009704888 0 -0.01350905 0.00836724 0.9998738 0 -0.351491 0.9361067 -0.01258254 0 -2.81482 3.479916 4.269705 1  
				<Children>: 1
					<Frame>: 24 0 Bone024
					<ParentIndex>:1
						<Transform>: -1.50245 -3.875732E-07 0 24.65031 355.0931 0.3930556 1 1 1 0.2131189 -0.04255253 0.01248561 0.9760194  
						<TransformMatrix>: 0.9960668 0.006234907 0.08838603 0 -0.0425099 0.9088489 0.4149537 0 -0.07774235 -0.4170789 0.9055392 0 -1.50245 -3.875732E-07 0 1  
						<Children>: 1
							<Frame>: 25 0 Bone025
							<ParentIndex>:2
								<Transform>: -1.460245 0 -1.937866E-07 340.0541 346.4192 1.618172 1.000001 1.000001 1 -0.1735953 -0.114011 -0.00666485 0.9781727  
								<TransformMatrix>: 0.9739151 0.02654482 0.225359 0 0.05262234 0.9396414 -0.3380929 0 -0.2207309 0.3411321 0.9137323 0 -1.460245 0 -1.937866E-07 1  
								<Children>: 5
									<Frame>: 26 0 Bone026
									<ParentIndex>:3
										<Transform>: -0.3077503 0 0 -1.345025E-06 -6.141068E-05 25.15454 1 1 1 -1.281534E-07 -5.204932E-07 0.217756 0.9760032  
										<TransformMatrix>: 0.9051646 0.4250612 9.601938E-07 0 -0.4250612 0.9051646 -4.768373E-07 0 -1.071819E-06 2.347511E-08 1 0 -0.3077503 0 0 1  
										<Children>: 1
											<Frame>: 27 0 Bone027
											<ParentIndex>:4
												<Transform>: -0.4086325 0 0 1.928378E-06 -9.395364E-07 339.7345 1 1 1 1.800824E-08 -5.110533E-09 -0.1759294 0.9844028  
												<TransformMatrix>: 0.9380977 -0.3463707 3.72529E-09 0 0.3463707 0.9380977 3.725291E-08 0 -1.6398E-08 -3.365654E-08 1 0 -0.4086325 0 0 1  
												<Children>: 1
													<Frame>: 28 0 Bone028
													<ParentIndex>:5
														<Transform>: -0.23284 -3.875732E-07 0 -1.911671E-08 -2.125856E-07 354.8615 1 1 1 -8.34963E-11 -1.860773E-09 -0.04482673 0.9989948  
														<TransformMatrix>: 0.9959812 -0.08956333 3.725291E-09 0 0.08956333 0.9959812 0 0 -3.710319E-09 3.336495E-10 1 0 -0.23284 -3.875732E-07 0 1  
														<Children>: 1
															<Frame>: 29 0 Bone029
															<ParentIndex>:6
																<Transform>: -0.1551381 0 -3.875732E-07 8.203199E-09 -2.132857E-07 2.202572 1 1 1 3.579982E-11 -1.862301E-09 0.01921988 0.9998153  
																<TransformMatrix>: 0.9992612 0.03843267 3.72529E-09 0 -0.03843267 0.9992612 6.938894E-18 0 -3.722538E-09 -1.431728E-10 1 0 -0.1551381 0 -3.875732E-07 1  
																<Children>: 0
															</Frame>
													</Frame>
											</Frame>
									</Frame>
									<Frame>: 30 0 Bone030
									<ParentIndex>:3
										<Transform>: -0.3078502 -7.751465E-07 -3.875732E-07 1.003735E-05 -6.734457E-05 8.477221 1 1 1 4.391629E-08 -5.925589E-07 0.07391026 0.9972649  
										<TransformMatrix>: 0.9890745 0.1474162 1.188368E-06 0 -0.1474162 0.9890745 0 0 -1.175385E-06 -1.751847E-07 1 0 -0.3078502 -7.751465E-07 -3.875732E-07 1  
										<Children>: 1
											<Frame>: 31 0 Bone031
											<ParentIndex>:4
												<Transform>: -0.3802892 3.875732E-07 0 2.034314E-08 2.124718E-07 354.5309 1 1 1 8.886486E-11 1.860524E-09 -0.04770896 0.9988613  
												<TransformMatrix>: 0.9954477 -0.09530927 -3.725291E-09 0 0.09530927 0.9954477 -1.387779E-17 0 3.708332E-09 -3.550547E-10 1 0 -0.3802892 3.875732E-07 0 1  
												<Children>: 1
													<Frame>: 32 0 Bone032
													<ParentIndex>:5
														<Transform>: -0.2291363 -3.875732E-07 3.875732E-07 -1.153864E-08 -4.267308E-07 358.4511 1 1 1 -5.035141E-11 -3.72495E-09 -0.0135161 0.9999087  
														<TransformMatrix>: 0.9996346 -0.02702974 7.450581E-09 0 0.02702974 0.9996346 6.938894E-18 0 -7.447858E-09 2.013872E-10 1 0 -0.2291363 -3.875732E-07 3.875732E-07 1  
														<Children>: 1
															<Frame>: 33 0 Bone033
															<ParentIndex>:6
																<Transform>: -0.1629856 -1.16272E-06 0 4.268868E-07 2.615677E-10 0.03510702 1 1 1 3.725291E-09 1.141304E-12 0.0003063665 0.9999999  
																<TransformMatrix>: 0.9999998 0.000612733 2.168404E-19 0 -0.000612733 0.9999998 7.450581E-09 0 4.565217E-12 -7.45058E-09 1 0 -0.1629856 -1.16272E-06 0 1  
																<Children>: 0
															</Frame>
													</Frame>
											</Frame>
									</Frame>
									<Frame>: 34 0 Bone034
									<ParentIndex>:3
										<Transform>: -0.3078072 3.875732E-07 0 -1.369175E-06 -6.799136E-05 349.0884 0.999999 1 1 4.451897E-08 -5.917846E-07 -0.09507784 0.9954699  
										<TransformMatrix>: 0.9819194 -0.189294 1.169741E-06 0 0.1892942 0.9819204 2.011658E-07 0 -1.186673E-06 2.389661E-08 1 0 -0.3078072 3.875732E-07 0 1  
										<Children>: 1
											<Frame>: 35 0 Bone035
											<ParentIndex>:4
												<Transform>: -0.3849187 7.751465E-07 3.875732E-07 2.693084E-06 -1.912819E-07 14.37222 1 1 1 2.310818E-08 -4.596016E-09 0.1250927 0.9921451  
												<TransformMatrix>: 0.9687036 0.2482202 1.490116E-08 0 -0.2482202 0.9687036 4.470347E-08 0 -3.338499E-09 -4.700318E-08 1 0 -0.3849187 7.751465E-07 3.875732E-07 1  
												<Children>: 1
													<Frame>: 36 0 Bone036
													<ParentIndex>:5
														<Transform>: -0.2266509 0 3.875732E-07 -4.359898E-07 -1.941739E-07 357.4414 1 1 1 -3.765949E-09 -1.77901E-09 -0.02232628 0.9997507  
														<TransformMatrix>: 0.9990031 -0.04464143 3.725292E-09 0 0.04464143 0.9990031 -7.450584E-09 0 -3.388973E-09 7.609458E-09 1 0 -0.2266509 0 3.875732E-07 1  
														<Children>: 1
															<Frame>: 37 0 Bone037
															<ParentIndex>:6
																<Transform>: -0.2166705 3.875732E-07 0 0 0 1.654245 1 1 1 0 0 0.01443551 0.9998958  
																<TransformMatrix>: 0.9995832 0.028868 0 0 -0.028868 0.9995832 0 0 0 0 1 0 -0.2166705 3.875732E-07 0 1  
																<Children>: 0
															</Frame>
													</Frame>
											</Frame>
									</Frame>
									<Frame>: 38 0 Bone038
									<ParentIndex>:3
										<Transform>: -0.3077831 -1.550293E-06 0 -2.97505E-06 -6.742308E-05 333.9893 0.999999 0.999999 1 1.071132E-07 -5.791276E-07 -0.2250417 0.9743491  
										<TransformMatrix>: 0.8987116 -0.4385379 1.080334E-06 0 0.4385379 0.8987116 4.693865E-07 0 -1.176755E-06 5.192442E-08 1 0 -0.3077831 -1.550293E-06 0 1  
										<Children>: 1
											<Frame>: 39 0 Bone039
											<ParentIndex>:4
												<Transform>: -0.4158882 0 0 2.960823E-06 1.715211E-06 26.50747 1 1 1 2.858147E-08 8.645626E-09 0.2292638 0.9733644  
												<TransformMatrix>: 0.8948762 0.4463145 -3.72529E-09 0 -0.4463145 0.8948762 5.960464E-08 0 2.993609E-08 -5.167612E-08 1 0 -0.4158882 0 0 1  
												<Children>: 1
													<Frame>: 40 0 Bone040
													<ParentIndex>:5
														<Transform>: -0.2345979 3.875732E-07 0 -4.321736E-07 2.025251E-07 1.456333 1 1 1 -3.748661E-09 1.815151E-09 0.01270856 0.9999192  
														<TransformMatrix>: 0.999677 0.02541507 -3.72529E-09 0 -0.02541507 0.999677 -7.45058E-09 0 3.53473E-09 7.542852E-09 1 0 -0.2345979 3.875732E-07 0 1  
														<Children>: 1
															<Frame>: 41 0 Bone041
															<ParentIndex>:6
																<Transform>: -0.1987481 -3.875732E-07 -3.875732E-07 -4.268868E-07 1.192708E-15 -1.600826E-07 1 1 1 -3.72529E-09 5.20417E-18 -1.396984E-09 1  
																<TransformMatrix>: 1 -2.793968E-09 0 0 2.793968E-09 1 -7.450581E-09 0 2.081668E-17 7.450581E-09 1 0 -0.1987481 -3.875732E-07 -3.875732E-07 1  
																<Children>: 0
															</Frame>
													</Frame>
											</Frame>
									</Frame>
									<Frame>: 42 0 Bone042
									<ParentIndex>:3
										<Transform>: -0.3077196 1.550293E-06 0 -5.689925E-06 -6.550432E-05 308.013 0.999999 0.999999 1 2.058978E-07 -5.355706E-07 -0.4382689 0.8988439  
										<TransformMatrix>: 0.6158401 -0.7878699 7.823107E-07 0 0.7878699 0.6158401 8.39587E-07 0 -1.143266E-06 9.930793E-08 1 0 -0.3077196 1.550293E-06 0 1  
										<Children>: 1
											<Frame>: 43 0 Bone043
											<ParentIndex>:4
												<Transform>: -0.3999384 9.689331E-07 0 0 0 345.7417 1 1 1 0 0 -0.1241062 0.992269  
												<TransformMatrix>: 0.9691953 -0.2462934 0 0 0.2462934 0.9691953 0 0 0 0 1 0 -0.3999384 9.689331E-07 0 1  
												<Children>: 1
													<Frame>: 44 0 Bone044
													<ParentIndex>:5
														<Transform>: -0.1712399 -2.228546E-06 -3.875732E-07 2.667137E-07 6.947313E-09 1.492093 1.000001 1 1 2.328108E-09 3.031594E-11 0.0130206 0.9999152  
														<TransformMatrix>: 0.9996619 0.02603902 0 0 -0.026039 0.9996609 4.656611E-09 0 1.212535E-10 -4.655031E-09 1 0 -0.1712399 -2.228546E-06 -3.875732E-07 1  
														<Children>: 0
													</Frame>
											</Frame>
									</Frame>
							</Frame>
					</Frame>
			</Frame>
			<Frame>: 45 0 Character
			<ParentIndex>:0
				<Transform>: 0 0 1.245684E-08 270 0 0 1 1 1 -0.7071068 0 0 0.7071068  
				<TransformMatrix>: 1 0 0 0 0 -1.192093E-07 -1 0 0 1 -1.192093E-07 0 0 0 1.245684E-08 1  
				<SkinningInfo>: Character
					<BonesPerVertex>: 4
					<Bounds>: -2.292955 -2.558676 0.1253347 2.428376 3.228435 0.7034816
					<BoneNames>: 44 Bone002 Bone003 Bone001 Bone004 Bone008 Bone012 Bone016 Bone020 Bone017 Bone021 Bone025 Bone013 Bone009 Bone005 Bone022 Bone006 Bone010 Bone014 Bone007 Bone011 Bone015 Bone018 Bone019 Bone024 Bone023 Bone026 Bone030 Bone034 Bone038 Bone042 Bone039 Bone035 Bone043 Bone031 Bone027 Bone044 Bone028 Bone032 Bone036 Bone029 Bone033 Bone037 Bone040 Bone041  
					<BoneOffsets>: 44 -1.122904E-07 -1.54256E-07 1 0 -0.01088841 -0.9999409 -1.551154E-07 0 0.999941 -0.0108884 1.054155E-07 0 -5.331657 0.06286192 -1.257053 1 -1.056446E-06 4.411407E-08 1 0 0.03408223 -0.9994183 7.977773E-08 0 0.9994183 0.03408224 1.054154E-06 0 -3.870318 -0.11127 -1.257056 1 0 2.273717E-05 1 0 0.005290916 -0.9999861 2.273694E-05 0 0.999986 0.005290916 -1.237486E-07 0 -6.834425 -0.02343559 -1.257051 1 1.604148E-08 1.14582E-08 1 0 -0.3939641 -0.9191253 1.790344E-08 0 0.9191253 -0.3939641 -1.604148E-08 0 -3.272009 1.413594 -1.257052 1 1.420817E-07 1.990862E-07 1 0 -0.1136206 -0.9935237 2.135522E-07 0 0.9935238 -0.1136206 -1.191653E-07 0 -3.539953 0.415112 -1.257052 1 1.260402E-07 4.124952E-08 1 0 0.2226503 -0.9748982 1.174466E-08 0 0.9748982 0.2226503 -1.374984E-07 0 -3.477043 -0.7836218 -1.257052 1 1.054155E-07 3.552042E-08 1 0 0.4689137 -0.883244 -1.690085E-08 0 0.883244 0.4689138 -1.122904E-07 0 -3.152903 -1.662309 -1.257052 1 9.166561E-08 2.29164E-08 1 0 0.8084021 -0.5886305 -6.201751E-08 0 0.5886306 0.8084022 -7.791576E-08 0 -2.106328 -2.875396 -1.257052 1 1.099987E-07 4.239534E-08 1 0 0.02541518 -0.9996768 4.124952E-08 0 0.9996768 0.02541518 -1.099987E-07 0 -3.191202 -0.2659912 -1.257052 1 8.650942E-08 5.041608E-08 1 0 0.9284754 -0.3713939 -6.30201E-08 0 0.3713939 0.9284754 -7.562413E-08 0 -0.9456345 -3.207094 -1.257052 1 -1.061602E-06 4.583281E-08 0.9999999 0 0.03408225 -0.9994183 8.249905E-08 0 0.9994183 0.03408226 1.054727E-06 0 -3.870321 -0.1112695 1.245993 1 1.46665E-07 4.354116E-08 1 0 -0.02630732 -0.9996534 4.755153E-08 0 0.9996534 -0.02630732 -1.283318E-07 0 -3.189862 0.008430004 -1.257052 1 1.099987E-07 2.119767E-07 1 0 -0.01841136 -0.9998302 2.136954E-07 0 0.9998302 -0.01841136 -9.166561E-08 0 -3.184844 0.1120777 -1.257052 1 1.833312E-08 4.325471E-08 1 0 -0.0512187 -0.9986869 4.468698E-08 0 0.9986869 -0.0512187 -1.833312E-08 0 -3.175755 0.3342986 -1.257052 1 8.765524E-08 4.583281E-08 1 0 0.9184896 -0.3954444 -6.101492E-08 0 0.3954444 0.9184895 -7.562413E-08 0 -0.8576413 -3.185838 -1.257051 1 7.333249E-08 4.354116E-08 0.9999999 0 0.03843288 -0.9992609 4.411407E-08 0 0.9992608 0.03843288 -3.666624E-08 0 -2.961029 0.0693779 -1.257052 1 1.833312E-07 2.1656E-07 0.9999999 0 0.008620515 -0.9999624 2.142684E-07 0 0.9999624 0.008620516 -1.833312E-07 0 -2.957657 0.03214359 -1.257051 1 1.46665E-07 5.041608E-08 0.9999999 0 0.01834487 -0.9998316 4.640571E-08 0 0.9998316 0.01834486 -7.333249E-08 0 -2.960634 -0.1238594 -1.257052 1 2.199975E-07 4.354116E-08 0.9999999 0 4.58328E-09 -0.9999996 3.523397E-08 0 0.9999996 -1.14582E-09 -2.566637E-07 0 -2.801151 0.1771655 -1.257052 1 1.833312E-07 2.131225E-07 0.9999998 0 0.0080078 -0.9999675 2.177058E-07 0 0.9999675 0.008007796 -1.46665E-07 0 -2.794651 0.03385687 -1.257052 1 1.46665E-07 4.210889E-08 1 0 -0.01052592 -0.9999443 4.296825E-08 0 0.9999443 -0.01052592 -1.099987E-07 0 -2.746395 -0.04459572 -1.257051 1 7.333249E-08 4.239534E-08 0.9999999 0 4.58328E-09 -0.9999998 4.124952E-08 0 0.9999998 3.43746E-09 -1.833312E-07 0 -2.962409 -0.190763 -1.257052 1 2.199975E-07 4.239534E-08 0.9999998 0 -4.58328E-09 -0.9999998 4.583281E-08 0 0.9999998 0 -1.46665E-07 0 -2.763661 -0.190763 -1.257051 1 -1.077071E-07 -1.46665E-07 0.9999999 0 -0.01088842 -0.9999409 -1.46665E-07 0 0.9999408 -0.01088842 7.39054E-08 0 -5.331657 0.06286097 1.245996 1 1.310532E-08 2.273651E-05 0.9999999 0 0.005290917 -0.999986 2.273651E-05 0 0.999986 0.005290916 -1.50456E-07 0 -6.834425 -0.02337885 1.245997 1 2.062476E-08 9.166561E-09 0.9999998 0 -0.3939641 -0.9191253 1.833312E-08 0 0.9191253 -0.3939641 -4.869735E-09 0 -3.272009 1.413593 1.245996 1 1.40363E-07 2.108309E-07 0.9999999 0 -0.1136206 -0.9935237 2.016643E-07 0 0.9935238 -0.1136206 -1.188788E-07 0 -3.539952 0.415113 1.245997 1 1.329151E-07 3.666624E-08 0.9999999 0 0.2226503 -0.974898 9.166561E-09 0 0.9748982 0.2226503 -1.346339E-07 0 -3.477043 -0.7836215 1.245997 1 9.166561E-08 4.583281E-08 1 0 0.4689137 -0.8832438 -1.833312E-08 0 0.883244 0.4689138 -1.068477E-07 0 -3.152902 -1.662308 1.245997 1 1.008322E-07 3.208296E-08 1 0 0.8084022 -0.5886305 -5.499937E-08 0 0.5886306 0.8084022 -6.731693E-08 0 -2.106328 -2.875396 1.245997 1 1.094258E-07 4.583281E-08 0.9999999 0 0.02541517 -0.9996768 3.666624E-08 0 0.9996768 0.02541518 -1.108581E-07 0 -3.191202 -0.2659912 1.245997 1 1.34061E-07 2.749968E-08 0.9999999 0 -0.02630733 -0.9996534 4.583281E-08 0 0.9996533 -0.02630732 -1.311964E-07 0 -3.189861 0.008430481 1.245997 1 8.708233E-08 4.583281E-08 1 0 0.9284754 -0.3713939 -5.499937E-08 0 0.3713939 0.9284754 -7.591058E-08 0 -0.9456344 -3.207094 1.245997 1 1.218866E-07 2.108309E-07 0.9999999 0 -0.01841135 -0.9998302 2.016643E-07 0 0.9998302 -0.01841136 -1.151549E-07 0 -3.184844 0.1120782 1.245996 1 1.382146E-08 5.499937E-08 1 0 -0.0512187 -0.998687 5.499937E-08 0 0.9986869 -0.0512187 -4.58328E-09 0 -3.175754 0.3342986 1.245996 1 8.708233E-08 4.583281E-08 1 0 0.9184895 -0.3954445 -6.416592E-08 0 0.3954444 0.9184895 -7.762931E-08 0 -0.8576417 -3.185838 1.245996 1 2.005185E-08 2.749968E-08 0.9999998 0 0.03843287 -0.9992607 2.749968E-08 0 0.9992609 0.03843288 -1.117175E-08 0 -2.961029 0.0693779 1.245997 1 1.117175E-07 2.108309E-07 0.9999999 0 0.008620523 -0.9999625 2.108309E-07 0 0.9999622 0.008620504 -1.231757E-07 0 -2.957656 0.03214502 1.245997 1 1.311964E-07 4.583281E-08 0.9999999 0 0.01834486 -0.9998316 3.666624E-08 0 0.9998316 0.01834486 -1.343474E-07 0 -2.960634 -0.1238604 1.245997 1 2.317421E-07 3.666624E-08 1 0 -4.58328E-09 -0.9999996 3.666624E-08 0 0.9999996 -4.58328E-09 -2.222891E-07 0 -2.80115 0.177165 1.245998 1 1.128633E-07 2.108309E-07 0.9999999 0 0.008007793 -0.9999673 2.199975E-07 0 0.9999673 0.008007793 -1.165872E-07 0 -2.79465 0.0338583 1.245997 1 1.329151E-07 4.583281E-08 0.9999999 0 -0.01052592 -0.9999443 4.583281E-08 0 0.9999444 -0.01052593 -1.30337E-07 0 -2.746396 -0.04459572 1.245997 1 1.647116E-07 4.583281E-08 1 0 -4.58328E-09 -0.9999998 4.583281E-08 0 0.9999999 0 -1.546857E-07 0 -2.962409 -0.190762 1.245996 1 1.647116E-07 4.583281E-08 1 0 -4.58328E-09 -0.9999998 4.583281E-08 0 0.9999999 0 -1.546857E-07 0 -2.763661 -0.1907625 1.245997 1  
